10 0.412109375 0.4970703125 0.03125 0.056640625
10 0.474609375 0.494140625 0.03125 0.0546875
15 0.0869140625 0.45703125 0.048828125 0.234375
0 0.2744140625 0.3505859375 0.037109375 0.021484375
0 0.3994140625 0.5615234375 0.021484375 0.044921875
0 0.6142578125 0.4931640625 0.041015625 0.021484375
9 0.2490234375 0.525390625 0.041015625 0.03125
9 0.3212890625 0.5263671875 0.033203125 0.029296875
1 0.3505859375 0.3984375 0.033203125 0.02734375
17 0.8369140625 0.3505859375 0.021484375 0.044921875
17 0.8642578125 0.3515625 0.021484375 0.04296875
17 0.8896484375 0.3515625 0.021484375 0.046875
12 0.3251953125 0.6611328125 0.041015625 0.041015625
12 0.3251953125 0.7080078125 0.041015625 0.037109375
