17 0.0712890625 0.294921875 0.064453125 0.02734375
17 0.763671875 0.1240234375 0.0703125 0.025390625
1 0.4697265625 0.3359375 0.037109375 0.03125
1 0.0908203125 0.74609375 0.044921875 0.01953125
1 0.837890625 0.75390625 0.03515625 0.0234375
16 0.47265625 0.75390625 0.05078125 0.0390625
16 0.8544921875 0.3681640625 0.056640625 0.041015625
0 0.18359375 0.5673828125 0.02734375 0.056640625
0 0.2744140625 0.4833984375 0.068359375 0.021484375
0 0.341796875 0.4287109375 0.03125 0.056640625
0 0.4267578125 0.4326171875 0.029296875 0.056640625
0 0.509765625 0.43359375 0.03125 0.05859375
0 0.59375 0.431640625 0.02734375 0.05859375
0 0.658203125 0.4833984375 0.0625 0.025390625
0 0.7431640625 0.560546875 0.033203125 0.0625
0 0.46484375 0.68359375 0.03125 0.05859375
0 0.8447265625 0.2822265625 0.029296875 0.060546875
0 0.845703125 0.1650390625 0.02734375 0.060546875
15 0.4755859375 0.2490234375 0.142578125 0.037109375
14 0.017578125 0.474609375 0.03515625 0.06640625
5 0.654296875 0.1630859375 0.046875 0.025390625
5 0.5146484375 0.16796875 0.037109375 0.03125
9 0.40625 0.62890625 0.04296875 0.0390625
5 0.5390625 0.62890625 0.0390625 0.03515625
5 0.384765625 0.4814453125 0.02734375 0.041015625
5 0.5556640625 0.4814453125 0.025390625 0.041015625
10 0.1455078125 0.66015625 0.044921875 0.05078125
10 0.3544921875 0.5380859375 0.033203125 0.052734375
10 0.58203125 0.5654296875 0.0390625 0.052734375
10 0.734375 0.48046875 0.04296875 0.05859375
10 0.78515625 0.6494140625 0.03515625 0.056640625
2 0.1943359375 0.4794921875 0.041015625 0.052734375
15 0.5830078125 0.166015625 0.068359375 0.0390625
