0 0.193359375 0.248046875 0.02734375 0.08984375
0 0.3037109375 0.2490234375 0.029296875 0.087890625
0 0.529296875 0.248046875 0.03125 0.08984375
0 0.6416015625 0.2490234375 0.025390625 0.091796875
14 0.0791015625 0.4697265625 0.087890625 0.095703125
16 0.212890625 0.35546875 0.11328125 0.07421875
16 0.6630859375 0.3564453125 0.107421875 0.080078125
5 0.2470703125 0.470703125 0.041015625 0.078125
5 0.583984375 0.470703125 0.03515625 0.07421875
10 0.2138671875 0.697265625 0.044921875 0.07421875
10 0.6201171875 0.697265625 0.044921875 0.06640625
1 0.3046875 0.7529296875 0.05859375 0.056640625
1 0.5302734375 0.7529296875 0.080078125 0.041015625
