3 0.0966796875 0.3505859375 0.025390625 0.025390625
3 0.11328125 0.416015625 0.0234375 0.0234375
3 0.1123046875 0.48046875 0.025390625 0.0234375
3 0.09765625 0.5478515625 0.0234375 0.021484375
3 0.21875 0.32421875 0.0234375 0.02734375
0 0.2998046875 0.3232421875 0.017578125 0.041015625
0 0.2998046875 0.439453125 0.017578125 0.04296875
0 0.3662109375 0.439453125 0.017578125 0.04296875
0 0.4326171875 0.421875 0.017578125 0.04296875
0 0.458984375 0.4951171875 0.05078125 0.017578125
0 0.6123046875 0.5703125 0.017578125 0.04296875
0 0.6123046875 0.4072265625 0.017578125 0.044921875
0 0.6943359375 0.373046875 0.017578125 0.04296875
0 0.759765625 0.3388671875 0.01953125 0.044921875
18 0.21484375 0.4658203125 0.03515625 0.041015625
18 0.6650390625 0.4619140625 0.033203125 0.037109375
5 0.333984375 0.5458984375 0.02734375 0.033203125
6 0.2197265625 0.6337890625 0.041015625 0.017578125
10 0.419921875 0.544921875 0.03125 0.04296875
10 0.5361328125 0.5302734375 0.029296875 0.048828125
10 0.6015625 0.49609375 0.03125 0.046875
10 0.751953125 0.46484375 0.02734375 0.046875
