0 0.1865234375 0.177734375 0.056640625 0.02734375
0 0.185546875 0.7607421875 0.05859375 0.025390625
0 0.599609375 0.130859375 0.0234375 0.0625
0 0.6005859375 0.275390625 0.021484375 0.0625
0 0.501953125 0.3466796875 0.02734375 0.064453125
0 0.7197265625 0.6376953125 0.056640625 0.025390625
0 0.5966796875 0.7099609375 0.029296875 0.068359375
10 0.294921875 0.1796875 0.04296875 0.06640625
10 0.294921875 0.76171875 0.04296875 0.07421875
5 0.6708984375 0.26171875 0.044921875 0.03125
5 0.4443359375 0.470703125 0.037109375 0.046875
9 0.8662109375 0.515625 0.044921875 0.046875
9 0.5986328125 0.8115234375 0.044921875 0.044921875
7 0.7216796875 0.443359375 0.103515625 0.11328125
6 0.3095703125 0.33203125 0.056640625 0.03125
6 0.6005859375 0.3818359375 0.052734375 0.033203125
6 0.40625 0.5517578125 0.05859375 0.029296875
6 0.3095703125 0.916015625 0.064453125 0.03125
6 0.6015625 0.9140625 0.0625 0.03515625
6 0.869140625 0.6484375 0.05859375 0.03125
