17 0.09375 0.3251953125 0.0625 0.033203125
15 0.1611328125 0.3837890625 0.068359375 0.123046875
1 0.2607421875 0.3076171875 0.041015625 0.048828125
1 0.3388671875 0.373046875 0.044921875 0.0390625
9 0.3876953125 0.5322265625 0.037109375 0.048828125
9 0.8876953125 0.5224609375 0.037109375 0.041015625
17 0.923828125 0.30859375 0.0703125 0.03515625
5 0.455078125 0.548828125 0.0390625 0.03515625
5 0.8251953125 0.5244140625 0.037109375 0.033203125
0 0.56640625 0.3623046875 0.04296875 0.076171875
0 0.5625 0.5810546875 0.03125 0.080078125
0 0.56640625 0.7275390625 0.04296875 0.076171875
0 0.677734375 0.4765625 0.0390625 0.078125
0 0.6767578125 0.5732421875 0.037109375 0.072265625
10 0.650390625 0.33203125 0.1015625 0.07421875
10 0.6533203125 0.6708984375 0.076171875 0.103515625
2 0.7509765625 0.5322265625 0.068359375 0.087890625
