6 0.1083984375 0.3564453125 0.060546875 0.037109375
6 0.341796875 0.875 0.05859375 0.03125
6 0.7138671875 0.873046875 0.048828125 0.03515625
6 0.3388671875 0.4072265625 0.060546875 0.033203125
6 0.7138671875 0.455078125 0.052734375 0.03125
4 0.2490234375 0.2685546875 0.068359375 0.029296875
4 0.248046875 0.5078125 0.0625 0.03515625
4 0.33984375 0.7822265625 0.02734375 0.064453125
4 0.533203125 0.736328125 0.0703125 0.0234375
4 0.7109375 0.78125 0.03515625 0.05859375
4 0.5302734375 0.154296875 0.068359375 0.02734375
4 0.7138671875 0.3583984375 0.029296875 0.064453125
19 0.873046875 0.390625 0.0546875 0.09375
5 0.3388671875 0.833984375 0.052734375 0.0234375
5 0.7119140625 0.8359375 0.052734375 0.0234375
5 0.71484375 0.4140625 0.04296875 0.02734375
7 0.52734375 0.3134765625 0.203125 0.177734375
7 0.5302734375 0.5498046875 0.201171875 0.173828125
