0 0.2900390625 0.3505859375 0.025390625 0.056640625
0 0.2919921875 0.4208984375 0.025390625 0.056640625
0 0.291015625 0.6474609375 0.0234375 0.056640625
0 0.330078125 0.6123046875 0.05859375 0.025390625
0 0.8857421875 0.3525390625 0.021484375 0.052734375
0 0.8857421875 0.4228515625 0.021484375 0.056640625
0 0.8515625 0.61328125 0.0546875 0.0234375
0 0.88671875 0.6474609375 0.01953125 0.052734375
2 0.416015625 0.384765625 0.04296875 0.0625
2 0.765625 0.380859375 0.046875 0.0625
10 0.419921875 0.6142578125 0.0390625 0.064453125
10 0.76171875 0.6181640625 0.0390625 0.064453125
3 0.5185546875 0.3955078125 0.052734375 0.048828125
3 0.6533203125 0.3916015625 0.056640625 0.041015625
3 0.5166015625 0.619140625 0.056640625 0.0390625
3 0.6533203125 0.62109375 0.056640625 0.04296875
