9 0.2216796875 0.5166015625 0.052734375 0.056640625
0 0.384765625 0.4501953125 0.03515625 0.076171875
0 0.380859375 0.646484375 0.02734375 0.06640625
0 0.587890625 0.6416015625 0.0703125 0.033203125
0 0.5439453125 0.6982421875 0.068359375 0.029296875
0 0.640625 0.5810546875 0.05078125 0.029296875
0 0.599609375 0.4873046875 0.03125 0.076171875
0 0.712890625 0.4873046875 0.0234375 0.064453125
0 0.857421875 0.3037109375 0.0234375 0.064453125
0 0.8525390625 0.57421875 0.029296875 0.06640625
14 0.857421875 0.7216796875 0.07421875 0.103515625
1 0.7138671875 0.294921875 0.060546875 0.04296875
1 0.71875 0.34375 0.0703125 0.02734375
7 0.5126953125 0.5771484375 0.095703125 0.076171875
2 0.8310546875 0.421875 0.087890625 0.11328125
