17 0.091796875 0.4931640625 0.05078125 0.021484375
15 0.1923828125 0.4560546875 0.052734375 0.099609375
1 0.2451171875 0.392578125 0.041015625 0.03515625
1 0.2958984375 0.3974609375 0.044921875 0.037109375
1 0.2451171875 0.5146484375 0.033203125 0.037109375
1 0.29296875 0.509765625 0.04296875 0.03515625
1 0.8876953125 0.458984375 0.033203125 0.03515625
17 0.328125 0.634765625 0.046875 0.0234375
9 0.3544921875 0.4541015625 0.041015625 0.037109375
0 0.3994140625 0.576171875 0.013671875 0.0390625
0 0.421875 0.4755859375 0.03125 0.021484375
0 0.4775390625 0.3857421875 0.017578125 0.033203125
0 0.5068359375 0.564453125 0.017578125 0.0390625
0 0.646484375 0.4599609375 0.0390625 0.013671875
0 0.7529296875 0.4599609375 0.037109375 0.017578125
5 0.4287109375 0.5849609375 0.029296875 0.029296875
5 0.576171875 0.53515625 0.03515625 0.02734375
5 0.791015625 0.40625 0.03125 0.02734375
5 0.6875 0.4287109375 0.03125 0.025390625
5 0.7880859375 0.5615234375 0.025390625 0.033203125
11 0.5986328125 0.45703125 0.044921875 0.015625
11 0.853515625 0.533203125 0.01953125 0.05859375
11 0.853515625 0.5966796875 0.01953125 0.056640625
10 0.462890625 0.4775390625 0.04296875 0.060546875
10 0.8349609375 0.45703125 0.048828125 0.05859375
