5 0.0888671875 0.5986328125 0.033203125 0.037109375
5 0.8388671875 0.5205078125 0.029296875 0.033203125
6 0.935546875 0.87890625 0.04296875 0.015625
4 0.1455078125 0.6845703125 0.021484375 0.068359375
4 0.1474609375 0.3447265625 0.021484375 0.064453125
4 0.2255859375 0.33203125 0.021484375 0.05859375
4 0.2255859375 0.4638671875 0.017578125 0.064453125
4 0.29296875 0.201171875 0.01953125 0.06640625
4 0.291015625 0.7119140625 0.01953125 0.060546875
4 0.515625 0.4228515625 0.01953125 0.060546875
4 0.513671875 0.7275390625 0.01953125 0.060546875
4 0.697265625 0.775390625 0.0234375 0.05859375
4 0.6982421875 0.470703125 0.021484375 0.0546875
10 0.2763671875 0.5986328125 0.041015625 0.048828125
10 0.283203125 0.400390625 0.046875 0.05078125
10 0.505859375 0.30859375 0.046875 0.046875
10 0.69140625 0.376953125 0.03515625 0.046875
10 0.689453125 0.6650390625 0.0390625 0.052734375
2 0.5048828125 0.5986328125 0.044921875 0.048828125
