8 0.095703125 0.3203125 0.06640625 0.06640625
8 0.2548828125 0.3193359375 0.068359375 0.068359375
8 0.4189453125 0.3203125 0.072265625 0.06640625
8 0.57421875 0.341796875 0.07421875 0.06640625
8 0.7353515625 0.341796875 0.072265625 0.06640625
8 0.89453125 0.341796875 0.06640625 0.06640625
0 0.4189453125 0.501953125 0.033203125 0.09375
0 0.5576171875 0.5029296875 0.029296875 0.083984375
9 0.361328125 0.580078125 0.05078125 0.0546875
9 0.626953125 0.5791015625 0.05078125 0.056640625
2 0.3359375 0.7412109375 0.05078125 0.080078125
2 0.6513671875 0.7412109375 0.056640625 0.076171875
