0 0.2216796875 0.3232421875 0.017578125 0.044921875
0 0.1708984375 0.357421875 0.037109375 0.015625
0 0.16796875 0.400390625 0.0390625 0.01953125
0 0.2119140625 0.4296875 0.017578125 0.0390625
0 0.18359375 0.50390625 0.03515625 0.01953125
0 0.44140625 0.326171875 0.015625 0.04296875
0 0.4619140625 0.3251953125 0.017578125 0.044921875
0 0.4775390625 0.4296875 0.017578125 0.0390625
0 0.4775390625 0.48046875 0.013671875 0.0390625
0 0.4482421875 0.6806640625 0.017578125 0.044921875
0 0.560546875 0.61328125 0.01953125 0.04296875
5 0.1875 0.560546875 0.0234375 0.0390625
5 0.42578125 0.6494140625 0.01953125 0.041015625
9 0.5966796875 0.6201171875 0.037109375 0.033203125
9 0.7783203125 0.4228515625 0.033203125 0.033203125
15 0.6328125 0.45703125 0.04296875 0.15625
10 0.5244140625 0.3994140625 0.044921875 0.048828125
10 0.5244140625 0.505859375 0.037109375 0.05078125
11 0.7373046875 0.3759765625 0.052734375 0.017578125
5 0.16796875 0.4609375 0.01953125 0.0390625
1 0.6796875 0.5322265625 0.02734375 0.029296875
1 0.681640625 0.3798828125 0.02734375 0.025390625
