0 0.5361328125 0.333984375 0.025390625 0.05859375
0 0.28125 0.3779296875 0.02734375 0.056640625
0 0.642578125 0.556640625 0.0234375 0.05859375
0 0.1865234375 0.6640625 0.025390625 0.0625
5 0.55859375 0.5693359375 0.04296875 0.021484375
5 0.12890625 0.599609375 0.03515625 0.0390625
10 0.267578125 0.6025390625 0.046875 0.064453125
20 0.7509765625 0.4951171875 0.029296875 0.052734375
6 0.560546875 0.650390625 0.05859375 0.02734375
6 0.28515625 0.7666015625 0.05859375 0.029296875
3 0.7587890625 0.3251953125 0.060546875 0.041015625
8 0.37890625 0.4716796875 0.0703125 0.037109375
