5 0.1826171875 0.279296875 0.041015625 0.02734375
5 0.259765625 0.5634765625 0.0390625 0.025390625
5 0.4423828125 0.6767578125 0.037109375 0.025390625
5 0.5732421875 0.6435546875 0.041015625 0.021484375
5 0.8876953125 0.2890625 0.048828125 0.0234375
11 0.5927734375 0.25390625 0.080078125 0.0234375
20 0.640625 0.451171875 0.03125 0.05078125
16 0.7529296875 0.4423828125 0.048828125 0.033203125
16 0.7529296875 0.4775390625 0.052734375 0.029296875
16 0.7529296875 0.51171875 0.052734375 0.02734375
16 0.75390625 0.541015625 0.0625 0.02734375
16 0.7509765625 0.5732421875 0.064453125 0.029296875
16 0.7490234375 0.603515625 0.068359375 0.03125
16 0.74609375 0.638671875 0.0625 0.03125
16 0.8291015625 0.4453125 0.052734375 0.03125
16 0.828125 0.4775390625 0.046875 0.029296875
16 0.828125 0.5107421875 0.046875 0.029296875
16 0.828125 0.5419921875 0.05078125 0.029296875
16 0.828125 0.572265625 0.05078125 0.03125
16 0.8291015625 0.6064453125 0.052734375 0.033203125
16 0.8271484375 0.638671875 0.052734375 0.03125
20 0.8076171875 0.6943359375 0.029296875 0.048828125
1 0.208984375 0.5380859375 0.0390625 0.033203125
0 0.259765625 0.2841796875 0.01953125 0.044921875
0 0.259765625 0.345703125 0.0234375 0.04296875
0 0.34765625 0.3603515625 0.0234375 0.048828125
0 0.3466796875 0.42578125 0.017578125 0.046875
0 0.259765625 0.46484375 0.01953125 0.046875
0 0.2578125 0.626953125 0.01953125 0.04296875
0 0.345703125 0.6181640625 0.01953125 0.044921875
0 0.44140625 0.6318359375 0.0234375 0.041015625
0 0.6513671875 0.5126953125 0.021484375 0.048828125
0 0.8251953125 0.291015625 0.021484375 0.046875
0 0.8251953125 0.3544921875 0.021484375 0.044921875
