0 0.052734375 0.3212890625 0.03515625 0.076171875
0 0.1953125 0.3232421875 0.03125 0.076171875
0 0.30859375 0.470703125 0.08203125 0.0234375
0 0.3955078125 0.7216796875 0.033203125 0.076171875
0 0.861328125 0.5625 0.02734375 0.07421875
7 0.515625 0.490234375 0.1015625 0.109375
6 0.0595703125 0.7412109375 0.068359375 0.033203125
6 0.19921875 0.7412109375 0.05859375 0.033203125
6 0.4013671875 0.8232421875 0.052734375 0.029296875
6 0.865234375 0.8037109375 0.0703125 0.029296875
6 0.4990234375 0.6201171875 0.044921875 0.029296875
