11 0.0703125 0.46875 0.05859375 0.015625
11 0.6748046875 0.4375 0.017578125 0.06640625
11 0.6943359375 0.5302734375 0.013671875 0.064453125
11 0.673828125 0.59765625 0.01953125 0.0625
11 0.763671875 0.5625 0.05859375 0.015625
11 0.7646484375 0.6103515625 0.064453125 0.017578125
3 0.173828125 0.3857421875 0.03125 0.029296875
3 0.208984375 0.3857421875 0.02734375 0.025390625
3 0.173828125 0.62890625 0.03125 0.0234375
3 0.2109375 0.62890625 0.02734375 0.01953125
3 0.3486328125 0.5361328125 0.029296875 0.021484375
3 0.5341796875 0.443359375 0.033203125 0.02734375
3 0.5341796875 0.7080078125 0.033203125 0.025390625
5 0.1240234375 0.505859375 0.033203125 0.01953125
5 0.2890625 0.6455078125 0.03125 0.021484375
5 0.34765625 0.3896484375 0.03125 0.017578125
5 0.7900390625 0.263671875 0.029296875 0.03125
5 0.7998046875 0.470703125 0.029296875 0.01953125
5 0.9521484375 0.458984375 0.025390625 0.01953125
0 0.2890625 0.384765625 0.01953125 0.04296875
0 0.2880859375 0.5361328125 0.021484375 0.048828125
0 0.4638671875 0.443359375 0.017578125 0.046875
0 0.46484375 0.7080078125 0.015625 0.041015625
0 0.5751953125 0.35546875 0.044921875 0.015625
0 0.5888671875 0.634765625 0.044921875 0.01953125
2 0.4755859375 0.3583984375 0.033203125 0.056640625
10 0.474609375 0.634765625 0.03515625 0.0546875
