6 0.275390625 0.3603515625 0.04296875 0.021484375
13 0.3447265625 0.3369140625 0.099609375 0.107421875
8 0.48046875 0.275390625 0.0390625 0.05859375
8 0.546875 0.2763671875 0.046875 0.056640625
8 0.61328125 0.275390625 0.05078125 0.05859375
8 0.4775390625 0.33203125 0.044921875 0.0546875
8 0.5439453125 0.333984375 0.044921875 0.05859375
8 0.6083984375 0.3330078125 0.041015625 0.056640625
4 0.7158203125 0.3779296875 0.064453125 0.021484375
4 0.61328125 0.6220703125 0.03125 0.072265625
4 0.66015625 0.62109375 0.0234375 0.078125
5 0.44921875 0.572265625 0.05078125 0.02734375
5 0.513671875 0.5712890625 0.04296875 0.025390625
