0 0.1630859375 0.6845703125 0.021484375 0.048828125
0 0.2822265625 0.68359375 0.021484375 0.05078125
0 0.4072265625 0.68359375 0.021484375 0.05078125
0 0.134765625 0.2978515625 0.02734375 0.052734375
0 0.2548828125 0.2978515625 0.025390625 0.052734375
0 0.376953125 0.2978515625 0.0234375 0.052734375
0 0.662109375 0.3994140625 0.0234375 0.052734375
0 0.8330078125 0.4375 0.056640625 0.0234375
2 0.8974609375 0.435546875 0.044921875 0.0625
19 0.9248046875 0.52734375 0.072265625 0.08984375
16 0.1474609375 0.3681640625 0.072265625 0.056640625
16 0.2685546875 0.365234375 0.072265625 0.05859375
16 0.392578125 0.3662109375 0.0703125 0.060546875
5 0.775390625 0.3974609375 0.03515625 0.029296875
