3 0.2744140625 0.4091796875 0.052734375 0.037109375
3 0.376953125 0.41015625 0.05078125 0.0390625
3 0.3759765625 0.6103515625 0.052734375 0.037109375
3 0.275390625 0.6083984375 0.0546875 0.037109375
8 0.4853515625 0.6103515625 0.064453125 0.048828125
12 0.107421875 0.478515625 0.078125 0.0625
0 0.595703125 0.46875 0.0234375 0.0703125
0 0.5947265625 0.6103515625 0.025390625 0.072265625
0 0.693359375 0.3896484375 0.02734375 0.072265625
0 0.8935546875 0.3935546875 0.025390625 0.080078125
18 0.798828125 0.595703125 0.0546875 0.04296875
0 0.474609375 0.4716796875 0.01953125 0.080078125
10 0.6728515625 0.541015625 0.048828125 0.06640625
10 0.875 0.541015625 0.05078125 0.0703125
