5 0.1650390625 0.5439453125 0.017578125 0.021484375
5 0.244140625 0.5703125 0.02734375 0.01953125
18 0.2861328125 0.3134765625 0.025390625 0.025390625
18 0.5400390625 0.376953125 0.025390625 0.0234375
18 0.67578125 0.5029296875 0.0234375 0.025390625
18 0.5283203125 0.580078125 0.025390625 0.0234375
4 0.3671875 0.2734375 0.0390625 0.01171875
4 0.3115234375 0.3837890625 0.013671875 0.033203125
4 0.216796875 0.54296875 0.03125 0.01171875
4 0.3115234375 0.5712890625 0.013671875 0.029296875
4 0.392578125 0.6650390625 0.01171875 0.029296875
4 0.474609375 0.666015625 0.01171875 0.03125
4 0.47265625 0.3017578125 0.015625 0.033203125
4 0.47265625 0.3515625 0.015625 0.03125
4 0.47265625 0.4052734375 0.01171875 0.029296875
4 0.5439453125 0.431640625 0.033203125 0.01171875
4 0.5703125 0.501953125 0.03125 0.01171875
4 0.5263671875 0.5302734375 0.013671875 0.029296875
4 0.58203125 0.62109375 0.03125 0.01171875
5 0.4482421875 0.54296875 0.021484375 0.0234375
2 0.384765625 0.544921875 0.03125 0.03125
10 0.6396484375 0.431640625 0.029296875 0.04296875
10 0.6416015625 0.6220703125 0.025390625 0.048828125
4 0.728515625 0.5703125 0.01171875 0.03125
6 0.236328125 0.3125 0.0234375 0.04296875
6 0.2451171875 0.6162109375 0.037109375 0.017578125
6 0.1435546875 0.69140625 0.021484375 0.03515625
6 0.529296875 0.6572265625 0.03515625 0.017578125
6 0.7333984375 0.6162109375 0.037109375 0.017578125
6 0.79296875 0.6923828125 0.01953125 0.037109375
