0 0.1552734375 0.166015625 0.083984375 0.02734375
0 0.0673828125 0.7841796875 0.021484375 0.099609375
0 0.1318359375 0.712890625 0.072265625 0.02734375
0 0.72265625 0.1650390625 0.078125 0.029296875
0 0.7373046875 0.7138671875 0.080078125 0.025390625
0 0.796875 0.7880859375 0.0234375 0.103515625
0 0.9130859375 0.5126953125 0.080078125 0.025390625
10 0.0517578125 0.5146484375 0.052734375 0.107421875
2 0.2265625 0.27734375 0.046875 0.09765625
2 0.6376953125 0.283203125 0.041015625 0.109375
10 0.2275390625 0.716796875 0.048828125 0.10546875
10 0.638671875 0.716796875 0.0390625 0.1015625
10 0.8154296875 0.515625 0.037109375 0.1015625
3 0.3115234375 0.26953125 0.044921875 0.05859375
3 0.5458984375 0.2685546875 0.041015625 0.048828125
3 0.296875 0.76171875 0.04296875 0.046875
3 0.5615234375 0.7607421875 0.048828125 0.041015625
5 0.43359375 0.4560546875 0.01953125 0.060546875
5 0.4013671875 0.7158203125 0.037109375 0.056640625
5 0.48828125 0.71484375 0.0390625 0.05859375
