3 0.2744140625 0.35546875 0.068359375 0.05078125
3 0.2744140625 0.654296875 0.064453125 0.05078125
3 0.3740234375 0.3544921875 0.064453125 0.048828125
3 0.3759765625 0.6533203125 0.060546875 0.044921875
5 0.4853515625 0.5166015625 0.060546875 0.033203125
5 0.1279296875 0.5009765625 0.029296875 0.056640625
3 0.5576171875 0.2734375 0.064453125 0.0390625
18 0.560546875 0.658203125 0.05859375 0.046875
8 0.732421875 0.37109375 0.11328125 0.078125
8 0.734375 0.6142578125 0.1015625 0.072265625
4 0.7216796875 0.6982421875 0.037109375 0.080078125
4 0.130859375 0.3955078125 0.09375 0.033203125
4 0.859375 0.4638671875 0.02734375 0.103515625
