18 0.1884765625 0.494140625 0.056640625 0.06640625
18 0.82421875 0.294921875 0.0625 0.0546875
18 0.763671875 0.66796875 0.0625 0.046875
0 0.326171875 0.4951171875 0.08203125 0.029296875
0 0.5439453125 0.8076171875 0.087890625 0.029296875
5 0.6669921875 0.6669921875 0.052734375 0.029296875
5 0.6962890625 0.2900390625 0.056640625 0.033203125
6 0.435546875 0.43359375 0.046875 0.0703125
6 0.7021484375 0.3837890625 0.076171875 0.037109375
6 0.8251953125 0.3857421875 0.076171875 0.037109375
6 0.669921875 0.7587890625 0.078125 0.037109375
6 0.765625 0.7587890625 0.078125 0.037109375
7 0.6025390625 0.4677734375 0.138671875 0.130859375
