5 0.025390625 0.60546875 0.02734375 0.0234375
5 0.103515625 0.6044921875 0.0234375 0.021484375
5 0.18359375 0.6083984375 0.0234375 0.021484375
0 0.89453125 0.3876953125 0.03125 0.068359375
8 0.9111328125 0.4990234375 0.087890625 0.056640625
10 0.8837890625 0.6044921875 0.041015625 0.068359375
0 0.611328125 0.5048828125 0.06640625 0.029296875
6 0.12890625 0.501953125 0.0703125 0.03515625
6 0.0302734375 0.6943359375 0.060546875 0.029296875
6 0.7431640625 0.60546875 0.068359375 0.03515625
6 0.7294921875 0.4501953125 0.068359375 0.029296875
6 0.8955078125 0.6953125 0.076171875 0.02734375
