3 0.130859375 0.4453125 0.046875 0.04296875
9 0.1298828125 0.6435546875 0.041015625 0.048828125
11 0.392578125 0.2724609375 0.09375 0.021484375
9 0.19921875 0.4853515625 0.0390625 0.048828125
9 0.6455078125 0.669921875 0.044921875 0.0546875
4 0.400390625 0.58984375 0.08203125 0.0234375
4 0.58984375 0.3525390625 0.0625 0.025390625
4 0.6455078125 0.4716796875 0.021484375 0.091796875
4 0.5068359375 0.7021484375 0.021484375 0.095703125
6 0.130859375 0.7578125 0.0625 0.03125
6 0.169921875 0.556640625 0.03125 0.0625
6 0.2333984375 0.4169921875 0.048828125 0.029296875
6 0.251953125 0.5224609375 0.04296875 0.029296875
6 0.6494140625 0.783203125 0.056640625 0.0390625
6 0.51171875 0.826171875 0.0546875 0.015625
