6 0.1123046875 0.7802734375 0.056640625 0.025390625
5 0.2978515625 0.5439453125 0.044921875 0.029296875
5 0.51171875 0.5419921875 0.03515625 0.041015625
5 0.56640625 0.6875 0.046875 0.02734375
5 0.7958984375 0.376953125 0.048828125 0.03515625
5 0.7958984375 0.54296875 0.048828125 0.03125
5 0.796875 0.689453125 0.046875 0.03125
5 0.921875 0.37890625 0.046875 0.03515625
0 0.4423828125 0.3876953125 0.025390625 0.060546875
0 0.568359375 0.3896484375 0.0234375 0.056640625
0 0.6708984375 0.677734375 0.025390625 0.0546875
11 0.6767578125 0.3857421875 0.025390625 0.083984375
10 0.6474609375 0.54296875 0.060546875 0.109375
