0 0.1640625 0.451171875 0.01953125 0.05078125
0 0.25 0.4150390625 0.0234375 0.044921875
0 0.375 0.4150390625 0.015625 0.048828125
0 0.421875 0.4150390625 0.01953125 0.048828125
0 0.2900390625 0.5908203125 0.017578125 0.044921875
0 0.419921875 0.5986328125 0.01953125 0.048828125
0 0.580078125 0.4873046875 0.015625 0.048828125
0 0.765625 0.345703125 0.05078125 0.01953125
0 0.7119140625 0.38671875 0.021484375 0.05078125
0 0.712890625 0.4423828125 0.0234375 0.044921875
0 0.712890625 0.5283203125 0.046875 0.021484375
3 0.1640625 0.5966796875 0.03515625 0.021484375
3 0.5810546875 0.3974609375 0.029296875 0.021484375
3 0.6640625 0.41796875 0.03515625 0.0234375
7 0.30859375 0.5146484375 0.0546875 0.060546875
7 0.494140625 0.53125 0.05859375 0.0546875
5 0.2119140625 0.5966796875 0.033203125 0.017578125
5 0.375 0.5966796875 0.03125 0.017578125
5 0.6162109375 0.5498046875 0.029296875 0.021484375
