11 0.5947265625 0.68359375 0.072265625 0.0234375
15 0.482421875 0.49609375 0.078125 0.265625
3 0.0703125 0.3955078125 0.02734375 0.033203125
3 0.095703125 0.3935546875 0.0234375 0.029296875
3 0.0693359375 0.5546875 0.029296875 0.03515625
3 0.09765625 0.5517578125 0.02734375 0.029296875
3 0.328125 0.375 0.03515625 0.02734375
3 0.333984375 0.59375 0.03125 0.03515625
0 0.037109375 0.4384765625 0.046875 0.025390625
0 0.2431640625 0.326171875 0.029296875 0.05078125
0 0.392578125 0.3271484375 0.046875 0.025390625
0 0.4306640625 0.54296875 0.044921875 0.02734375
0 0.2958984375 0.6376953125 0.029296875 0.044921875
0 0.294921875 0.4111328125 0.02734375 0.044921875
0 0.3671875 0.5048828125 0.02734375 0.048828125
5 0.201171875 0.3662109375 0.03515625 0.025390625
5 0.7275390625 0.48828125 0.041015625 0.02734375
10 0.3076171875 0.5400390625 0.044921875 0.064453125
5 0.5791015625 0.263671875 0.029296875 0.03125
