5 0.4814453125 0.59375 0.029296875 0.02734375
5 0.361328125 0.75 0.03125 0.03125
5 0.8056640625 0.291015625 0.033203125 0.02734375
5 0.9208984375 0.5029296875 0.033203125 0.029296875
0 0.2958984375 0.5673828125 0.060546875 0.029296875
0 0.65234375 0.61328125 0.03125 0.05078125
0 0.810546875 0.658203125 0.0390625 0.04296875
0 0.55859375 0.7138671875 0.0546875 0.029296875
0 0.4287109375 0.759765625 0.037109375 0.04296875
0 0.91796875 0.5888671875 0.03515625 0.044921875
0 0.7392578125 0.3046875 0.037109375 0.046875
0 0.740234375 0.3896484375 0.03515625 0.044921875
3 0.8125 0.396484375 0.04296875 0.03125
3 0.8125 0.447265625 0.0390625 0.03125
11 0.923828125 0.32421875 0.03125 0.0859375
