0 0.2763671875 0.2451171875 0.041015625 0.017578125
0 0.53125 0.224609375 0.01953125 0.0390625
0 0.693359375 0.279296875 0.0234375 0.03515625
0 0.2578125 0.5576171875 0.01953125 0.037109375
0 0.36328125 0.537109375 0.0234375 0.0390625
0 0.4580078125 0.59375 0.021484375 0.0390625
0 0.603515625 0.6298828125 0.04296875 0.021484375
0 0.6591796875 0.5341796875 0.021484375 0.044921875
0 0.05859375 0.7060546875 0.0390625 0.017578125
0 0.1103515625 0.5595703125 0.021484375 0.041015625
0 0.1474609375 0.6689453125 0.041015625 0.021484375
0 0.5693359375 0.705078125 0.021484375 0.03515625
0 0.8779296875 0.591796875 0.029296875 0.0390625
0 0.146484375 0.3173828125 0.0390625 0.021484375
5 0.1748046875 0.408203125 0.021484375 0.02734375
5 0.419921875 0.3076171875 0.01953125 0.025390625
5 0.6201171875 0.4326171875 0.025390625 0.025390625
5 0.3681640625 0.7509765625 0.025390625 0.021484375
5 0.7861328125 0.7294921875 0.025390625 0.025390625
9 0.3642578125 0.3017578125 0.029296875 0.029296875
9 0.53125 0.3759765625 0.02734375 0.029296875
9 0.6962890625 0.375 0.029296875 0.02734375
9 0.2587890625 0.6552734375 0.025390625 0.025390625
9 0.4619140625 0.69140625 0.025390625 0.02734375
9 0.876953125 0.6875 0.02734375 0.02734375
5 0.283203125 0.1865234375 0.0234375 0.025390625
1 0.337890625 0.1875 0.03125 0.0234375
1 0.6923828125 0.4345703125 0.029296875 0.025390625
1 0.740234375 0.3134765625 0.03125 0.025390625
1 0.4599609375 0.7509765625 0.025390625 0.025390625
1 0.5703125 0.7666015625 0.0234375 0.021484375
1 0.7802734375 0.7919921875 0.029296875 0.029296875
1 0.87890625 0.7470703125 0.01953125 0.029296875
10 0.9248046875 0.72265625 0.033203125 0.04296875
10 0.740234375 0.404296875 0.03125 0.046875
10 0.5048828125 0.72265625 0.029296875 0.04296875
10 0.650390625 0.62890625 0.02734375 0.046875
16 0.5576171875 0.6591796875 0.044921875 0.033203125
10 0.1025390625 0.70703125 0.029296875 0.046875
10 0.193359375 0.669921875 0.03125 0.04296875
