0 0.111328125 0.4345703125 0.02734375 0.052734375
0 0.212890625 0.4375 0.0234375 0.046875
0 0.3037109375 0.4375 0.029296875 0.046875
0 0.4296875 0.4072265625 0.02734375 0.048828125
0 0.212890625 0.666015625 0.0234375 0.0546875
0 0.3056640625 0.66796875 0.025390625 0.046875
0 0.4306640625 0.640625 0.025390625 0.05078125
0 0.572265625 0.6435546875 0.02734375 0.048828125
14 0.923828125 0.5869140625 0.03515625 0.048828125
5 0.4990234375 0.638671875 0.029296875 0.0234375
5 0.6640625 0.53515625 0.03515625 0.02734375
5 0.6376953125 0.34375 0.037109375 0.0234375
10 0.2880859375 0.5693359375 0.048828125 0.056640625
10 0.55859375 0.5302734375 0.046875 0.060546875
