0 0.2177734375 0.482421875 0.044921875 0.09375
0 0.328125 0.3671875 0.0546875 0.09375
0 0.4775390625 0.59375 0.044921875 0.08984375
0 0.7685546875 0.5439453125 0.048828125 0.103515625
0 0.802734375 0.3984375 0.08984375 0.03515625
0 0.900390625 0.4697265625 0.03515625 0.107421875
5 0.904296875 0.6279296875 0.03515625 0.044921875
5 0.103515625 0.689453125 0.0390625 0.03515625
5 0.2177734375 0.6533203125 0.044921875 0.037109375
9 0.6748046875 0.6845703125 0.048828125 0.056640625
5 0.1064453125 0.4697265625 0.041015625 0.033203125
5 0.3779296875 0.4228515625 0.033203125 0.048828125
5 0.525390625 0.2900390625 0.0390625 0.041015625
