12 0.1826171875 0.240234375 0.068359375 0.05859375
13 0.2626953125 0.310546875 0.076171875 0.078125
0 0.3388671875 0.375 0.025390625 0.05859375
0 0.47265625 0.244140625 0.0625 0.02734375
0 0.5234375 0.29296875 0.02734375 0.0546875
0 0.6005859375 0.2958984375 0.025390625 0.056640625
0 0.7119140625 0.3984375 0.064453125 0.0234375
0 0.7587890625 0.294921875 0.025390625 0.05078125
8 0.3505859375 0.451171875 0.064453125 0.05078125
10 0.53515625 0.37109375 0.0390625 0.05078125
10 0.658203125 0.400390625 0.02734375 0.05859375
5 0.6025390625 0.4345703125 0.041015625 0.021484375
5 0.7587890625 0.4228515625 0.037109375 0.021484375
5 0.8134765625 0.4462890625 0.029296875 0.041015625
3 0.8154296875 0.490234375 0.037109375 0.04296875
