0 0.0751953125 0.4580078125 0.037109375 0.021484375
0 0.158203125 0.4951171875 0.0234375 0.037109375
0 0.275390625 0.3583984375 0.02734375 0.041015625
0 0.4013671875 0.35546875 0.021484375 0.04296875
0 0.509765625 0.361328125 0.03125 0.0390625
0 0.603515625 0.361328125 0.03125 0.03515625
0 0.7001953125 0.359375 0.025390625 0.03515625
3 0.3701171875 0.392578125 0.033203125 0.0390625
3 0.482421875 0.3916015625 0.02734375 0.033203125
3 0.578125 0.390625 0.02734375 0.03515625
3 0.6796875 0.3935546875 0.03125 0.033203125
8 0.341796875 0.46484375 0.07421875 0.0546875
8 0.4560546875 0.4658203125 0.064453125 0.044921875
8 0.5634765625 0.4658203125 0.076171875 0.044921875
8 0.6591796875 0.46875 0.072265625 0.046875
8 0.7548828125 0.4677734375 0.076171875 0.048828125
0 0.33203125 0.513671875 0.02734375 0.03515625
0 0.4462890625 0.513671875 0.029296875 0.03125
0 0.5517578125 0.515625 0.029296875 0.03515625
0 0.6474609375 0.5166015625 0.029296875 0.033203125
0 0.744140625 0.51953125 0.03125 0.03125
