0 0.0966796875 0.38671875 0.021484375 0.078125
0 0.244140625 0.509765625 0.08984375 0.02734375
0 0.546875 0.3828125 0.03125 0.08203125
0 0.66015625 0.6357421875 0.02734375 0.080078125
18 0.1396484375 0.5126953125 0.056640625 0.048828125
18 0.298828125 0.3466796875 0.05078125 0.041015625
6 0.30078125 0.4287109375 0.05859375 0.025390625
3 0.2998046875 0.61328125 0.060546875 0.03125
3 0.3935546875 0.611328125 0.044921875 0.0390625
5 0.546875 0.6123046875 0.046875 0.029296875
5 0.7724609375 0.38671875 0.052734375 0.03125
5 0.837890625 0.44140625 0.02734375 0.046875
5 0.7744140625 0.521484375 0.044921875 0.03125
5 0.7724609375 0.65625 0.052734375 0.03125
10 0.6396484375 0.5107421875 0.056640625 0.080078125
6 0.95703125 0.72265625 0.0546875 0.02734375
11 0.6640625 0.375 0.02734375 0.10546875
