5 0.1220703125 0.341796875 0.041015625 0.0625
5 0.2646484375 0.4150390625 0.033203125 0.060546875
5 0.751953125 0.62109375 0.0625 0.03125
0 0.337890625 0.505859375 0.0390625 0.06640625
0 0.4384765625 0.6005859375 0.041015625 0.060546875
0 0.62890625 0.5498046875 0.078125 0.041015625
0 0.751953125 0.521484375 0.03515625 0.06640625
19 0.873046875 0.548828125 0.0859375 0.140625
7 0.541015625 0.4375 0.12890625 0.13671875
3 0.62109375 0.3427734375 0.05078125 0.037109375
3 0.6328125 0.4951171875 0.046875 0.037109375
18 0.4375 0.6494140625 0.0546875 0.037109375
