4 0.103515625 0.4619140625 0.02734375 0.064453125
4 0.2421875 0.5146484375 0.02734375 0.064453125
4 0.5234375 0.6748046875 0.0546875 0.025390625
4 0.8759765625 0.5966796875 0.029296875 0.068359375
4 0.1748046875 0.388671875 0.064453125 0.02734375
5 0.2421875 0.4306640625 0.03515625 0.029296875
5 0.62109375 0.5712890625 0.03515625 0.037109375
5 0.5966796875 0.7421875 0.033203125 0.03515625
6 0.6767578125 0.6123046875 0.048828125 0.029296875
6 0.892578125 0.34375 0.05859375 0.03515625
4 0.6845703125 0.3671875 0.025390625 0.0703125
10 0.7861328125 0.4677734375 0.048828125 0.056640625
10 0.8291015625 0.4951171875 0.044921875 0.052734375
1 0.4462890625 0.4267578125 0.037109375 0.041015625
1 0.4482421875 0.50390625 0.041015625 0.0390625
