5 0.1064453125 0.48046875 0.025390625 0.03125
4 0.1796875 0.2529296875 0.0234375 0.056640625
4 0.1787109375 0.7080078125 0.017578125 0.056640625
4 0.2470703125 0.25 0.021484375 0.05078125
4 0.248046875 0.7109375 0.01953125 0.0546875
4 0.302734375 0.7109375 0.015625 0.05859375
4 0.306640625 0.638671875 0.02734375 0.0546875
4 0.3173828125 0.3212890625 0.021484375 0.052734375
4 0.3173828125 0.2490234375 0.021484375 0.056640625
4 0.3408203125 0.4453125 0.017578125 0.05078125
4 0.3408203125 0.517578125 0.017578125 0.046875
4 0.37890625 0.546875 0.06640625 0.01953125
4 0.439453125 0.4423828125 0.01953125 0.052734375
4 0.44140625 0.5126953125 0.01953125 0.048828125
4 0.5244140625 0.7041015625 0.025390625 0.056640625
4 0.5234375 0.2529296875 0.01953125 0.064453125
4 0.55859375 0.4091796875 0.05859375 0.021484375
4 0.5546875 0.5478515625 0.05078125 0.021484375
4 0.7353515625 0.58984375 0.060546875 0.0234375
4 0.7353515625 0.2861328125 0.060546875 0.021484375
1 0.7412109375 0.3271484375 0.041015625 0.033203125
1 0.7392578125 0.630859375 0.044921875 0.03125
