5 0.1884765625 0.408203125 0.044921875 0.0234375
5 0.244140625 0.5029296875 0.04296875 0.021484375
5 0.1357421875 0.4091796875 0.044921875 0.025390625
5 0.36328125 0.63671875 0.046875 0.01953125
5 0.5185546875 0.634765625 0.037109375 0.0234375
5 0.76953125 0.615234375 0.0546875 0.02734375
9 0.12109375 0.521484375 0.0546875 0.02734375
9 0.341796875 0.3505859375 0.04296875 0.037109375
9 0.5732421875 0.4423828125 0.037109375 0.029296875
9 0.6943359375 0.4150390625 0.029296875 0.052734375
9 0.79296875 0.5107421875 0.04296875 0.037109375
19 0.8837890625 0.5791015625 0.044921875 0.064453125
14 0.935546875 0.625 0.046875 0.0546875
7 0.6748046875 0.5107421875 0.142578125 0.123046875
0 0.4580078125 0.6416015625 0.021484375 0.052734375
0 0.3056640625 0.6240234375 0.025390625 0.060546875
0 0.12109375 0.5888671875 0.03515625 0.056640625
0 0.0595703125 0.5693359375 0.025390625 0.056640625
0 0.0595703125 0.3603515625 0.025390625 0.060546875
