4 0.1904296875 0.4716796875 0.060546875 0.037109375
4 0.328125 0.4716796875 0.0625 0.033203125
4 0.486328125 0.298828125 0.05859375 0.04296875
4 0.484375 0.357421875 0.06640625 0.03515625
4 0.6005859375 0.25390625 0.060546875 0.0390625
4 0.76953125 0.3330078125 0.06640625 0.033203125
4 0.59765625 0.3984375 0.0546875 0.03125
4 0.646484375 0.4365234375 0.03515625 0.060546875
4 0.599609375 0.51953125 0.06640625 0.0390625
4 0.484375 0.62890625 0.05859375 0.03515625
4 0.6005859375 0.6708984375 0.056640625 0.041015625
4 0.662109375 0.7060546875 0.03125 0.052734375
4 0.76953125 0.6005859375 0.06640625 0.029296875
7 0.314453125 0.5732421875 0.1171875 0.138671875
7 0.607421875 0.328125 0.11328125 0.125
6 0.0947265625 0.6533203125 0.044921875 0.025390625
6 0.6669921875 0.75390625 0.064453125 0.0234375
