6 0.1513671875 0.62890625 0.068359375 0.04296875
6 0.322265625 0.810546875 0.0703125 0.03515625
6 0.5498046875 0.630859375 0.076171875 0.03515625
4 0.3193359375 0.4453125 0.029296875 0.1015625
4 0.4609375 0.2236328125 0.109375 0.033203125
4 0.5439453125 0.3583984375 0.033203125 0.103515625
4 0.3828125 0.50390625 0.08984375 0.0234375
4 0.71484375 0.5048828125 0.109375 0.025390625
4 0.71484375 0.673828125 0.10546875 0.03515625
18 0.1533203125 0.54296875 0.072265625 0.046875
19 0.259765625 0.57421875 0.08203125 0.08984375
3 0.3173828125 0.701171875 0.072265625 0.046875
10 0.46484375 0.6748046875 0.0703125 0.099609375
10 0.57421875 0.50390625 0.06640625 0.09765625
2 0.3525390625 0.3056640625 0.068359375 0.099609375
