0 0.0947265625 0.6640625 0.037109375 0.0703125
0 0.09375 0.84375 0.0390625 0.07421875
0 0.1708984375 0.7705078125 0.080078125 0.033203125
0 0.234375 0.84375 0.04296875 0.0625
0 0.345703125 0.5927734375 0.0625 0.033203125
0 0.5947265625 0.8056640625 0.033203125 0.064453125
0 0.771484375 0.6650390625 0.0625 0.037109375
0 0.2744140625 0.34375 0.068359375 0.0390625
5 0.5419921875 0.732421875 0.041015625 0.046875
5 0.6513671875 0.5927734375 0.048828125 0.044921875
9 0.9521484375 0.8515625 0.056640625 0.04296875
7 0.7353515625 0.7705078125 0.150390625 0.150390625
7 0.37890625 0.7353515625 0.15234375 0.154296875
1 0.8974609375 0.76953125 0.052734375 0.04296875
