0 0.0615234375 0.3623046875 0.025390625 0.048828125
0 0.0595703125 0.537109375 0.025390625 0.05078125
0 0.3974609375 0.427734375 0.029296875 0.046875
0 0.3984375 0.599609375 0.02734375 0.05078125
0 0.568359375 0.4609375 0.03125 0.046875
0 0.888671875 0.4912109375 0.03125 0.052734375
0 0.8935546875 0.6748046875 0.029296875 0.048828125
5 0.09765625 0.3984375 0.0234375 0.02734375
5 0.09765625 0.5732421875 0.01953125 0.029296875
5 0.3603515625 0.3662109375 0.021484375 0.025390625
5 0.3583984375 0.541015625 0.025390625 0.03125
5 0.708984375 0.3271484375 0.01953125 0.025390625
5 0.83984375 0.7216796875 0.01953125 0.017578125
5 0.8408203125 0.5537109375 0.021484375 0.025390625
5 0.8359375 0.4501953125 0.02734375 0.017578125
5 0.888671875 0.447265625 0.0234375 0.015625
19 0.45703125 0.39453125 0.04296875 0.046875
19 0.4599609375 0.5703125 0.041015625 0.046875
19 0.9462890625 0.4970703125 0.037109375 0.056640625
7 0.228515625 0.3671875 0.0859375 0.09375
7 0.2294921875 0.54296875 0.087890625 0.09375
7 0.685546875 0.4287109375 0.0859375 0.087890625
7 0.6845703125 0.6162109375 0.091796875 0.095703125
