0 0.1884765625 0.4091796875 0.041015625 0.060546875
0 0.087890625 0.6376953125 0.03125 0.060546875
0 0.384765625 0.7021484375 0.03515625 0.060546875
0 0.544921875 0.408203125 0.046875 0.05859375
5 0.1396484375 0.5390625 0.033203125 0.0390625
5 0.1865234375 0.654296875 0.041015625 0.03125
5 0.251953125 0.359375 0.03515625 0.03515625
5 0.3837890625 0.556640625 0.044921875 0.03125
5 0.2509765625 0.7177734375 0.044921875 0.037109375
5 0.4775390625 0.45703125 0.044921875 0.03515625
5 0.6103515625 0.392578125 0.041015625 0.03515625
5 0.84375 0.6875 0.04296875 0.0390625
11 0.3896484375 0.3740234375 0.033203125 0.130859375
11 0.751953125 0.375 0.0390625 0.1328125
10 0.30078125 0.537109375 0.05859375 0.08203125
10 0.6572265625 0.5419921875 0.068359375 0.087890625
