0 0.0693359375 0.357421875 0.033203125 0.0546875
0 0.1904296875 0.4794921875 0.033203125 0.060546875
0 0.314453125 0.6650390625 0.03515625 0.060546875
0 0.37890625 0.48046875 0.03125 0.05859375
0 0.5673828125 0.4814453125 0.037109375 0.060546875
0 0.625 0.3251953125 0.03515625 0.056640625
1 0.0654296875 0.466796875 0.041015625 0.04296875
1 0.8876953125 0.572265625 0.041015625 0.0390625
9 0.068359375 0.70703125 0.04296875 0.04296875
9 0.8466796875 0.4599609375 0.044921875 0.044921875
4 0.9716796875 0.32421875 0.033203125 0.0859375
16 0.892578125 0.625 0.05859375 0.0546875
0 0.6259765625 0.669921875 0.029296875 0.05859375
7 0.466796875 0.384765625 0.1328125 0.1328125
7 0.7470703125 0.419921875 0.126953125 0.1328125
