0 0.064453125 0.548828125 0.06640625 0.03125
0 0.13671875 0.3701171875 0.03125 0.064453125
0 0.1337890625 0.4755859375 0.037109375 0.056640625
0 0.3330078125 0.4609375 0.041015625 0.05859375
0 0.6162109375 0.4462890625 0.044921875 0.060546875
0 0.72265625 0.4892578125 0.04296875 0.064453125
1 0.2236328125 0.62890625 0.056640625 0.05078125
1 0.7314453125 0.3759765625 0.044921875 0.052734375
2 0.3125 0.546875 0.06640625 0.1015625
2 0.5888671875 0.5517578125 0.072265625 0.095703125
2 0.796875 0.537109375 0.0625 0.08203125
