3 0.1806640625 0.3193359375 0.044921875 0.044921875
3 0.5419921875 0.7275390625 0.048828125 0.033203125
4 0.2802734375 0.31640625 0.076171875 0.0234375
4 0.3427734375 0.365234375 0.021484375 0.078125
4 0.1884765625 0.6455078125 0.056640625 0.021484375
4 0.23046875 0.693359375 0.01953125 0.0625
4 0.416015625 0.638671875 0.0234375 0.0625
4 0.4755859375 0.3076171875 0.025390625 0.064453125
4 0.478515625 0.3994140625 0.01953125 0.064453125
4 0.7626953125 0.2900390625 0.017578125 0.068359375
4 0.8466796875 0.3359375 0.068359375 0.01953125
5 0.3798828125 0.3583984375 0.044921875 0.021484375
5 0.4501953125 0.392578125 0.037109375 0.01953125
5 0.462890625 0.634765625 0.03515625 0.0234375
4 0.5439453125 0.6396484375 0.021484375 0.076171875
6 0.3779296875 0.439453125 0.041015625 0.0234375
6 0.48046875 0.47265625 0.05078125 0.0234375
6 0.287109375 0.767578125 0.04296875 0.0234375
6 0.46484375 0.716796875 0.05078125 0.0234375
6 0.6611328125 0.435546875 0.048828125 0.0234375
6 0.6806640625 0.501953125 0.025390625 0.046875
4 0.767578125 0.525390625 0.01953125 0.06640625
7 0.6591796875 0.337890625 0.080078125 0.08203125
7 0.65234375 0.5732421875 0.08203125 0.083984375
