0 0.09375 0.3857421875 0.0234375 0.080078125
0 0.2421875 0.51171875 0.078125 0.02734375
0 0.5478515625 0.3857421875 0.029296875 0.083984375
0 0.6611328125 0.634765625 0.025390625 0.08203125
9 0.138671875 0.5107421875 0.05859375 0.052734375
3 0.2998046875 0.6142578125 0.052734375 0.044921875
3 0.3916015625 0.61328125 0.056640625 0.0390625
5 0.544921875 0.6142578125 0.0546875 0.033203125
5 0.7734375 0.6591796875 0.05078125 0.033203125
5 0.7734375 0.521484375 0.05078125 0.03125
5 0.7744140625 0.388671875 0.048828125 0.02734375
5 0.837890625 0.443359375 0.03515625 0.04296875
11 0.666015625 0.373046875 0.01953125 0.10546875
10 0.6376953125 0.5107421875 0.060546875 0.080078125
