0 0.146484375 0.43359375 0.08984375 0.03125
0 0.359375 0.3994140625 0.02734375 0.080078125
3 0.2275390625 0.3984375 0.056640625 0.0390625
3 0.2978515625 0.3994140625 0.056640625 0.041015625
3 0.2275390625 0.6201171875 0.056640625 0.044921875
3 0.294921875 0.6201171875 0.05859375 0.044921875
5 0.3623046875 0.62109375 0.056640625 0.02734375
5 0.4921875 0.328125 0.05078125 0.02734375
5 0.4951171875 0.5322265625 0.052734375 0.029296875
5 0.8046875 0.333984375 0.05078125 0.02734375
5 0.806640625 0.619140625 0.06640625 0.02734375
11 0.4970703125 0.4306640625 0.025390625 0.099609375
11 0.49609375 0.6298828125 0.0234375 0.107421875
11 0.71484375 0.4248046875 0.109375 0.021484375
15 0.8701171875 0.4736328125 0.052734375 0.103515625
