9 0.169921875 0.3056640625 0.05859375 0.060546875
9 0.8427734375 0.55078125 0.072265625 0.0546875
5 0.470703125 0.291015625 0.046875 0.05859375
5 0.302734375 0.6708984375 0.0625 0.029296875
5 0.375 0.6689453125 0.0546875 0.033203125
11 0.3623046875 0.216796875 0.107421875 0.02734375
11 0.53515625 0.4130859375 0.03515625 0.107421875
0 0.634765625 0.4208984375 0.03515625 0.076171875
0 0.6328125 0.572265625 0.03515625 0.078125
0 0.5263671875 0.6669921875 0.037109375 0.072265625
0 0.4580078125 0.5947265625 0.083984375 0.029296875
