2 0.1142578125 0.4013671875 0.041015625 0.056640625
2 0.11328125 0.501953125 0.046875 0.0546875
2 0.0712890625 0.6875 0.041015625 0.0546875
10 0.3759765625 0.703125 0.037109375 0.0546875
12 0.560546875 0.6083984375 0.0546875 0.052734375
14 0.6201171875 0.6533203125 0.037109375 0.044921875
15 0.267578125 0.4521484375 0.046875 0.134765625
15 0.7333984375 0.328125 0.041015625 0.0859375
15 0.80859375 0.328125 0.0390625 0.0859375
15 0.8876953125 0.3271484375 0.048828125 0.091796875
0 0.568359375 0.2333984375 0.0546875 0.017578125
0 0.1513671875 0.6845703125 0.056640625 0.017578125
0 0.1533203125 0.734375 0.056640625 0.01953125
0 0.34375 0.5419921875 0.015625 0.056640625
0 0.294921875 0.7509765625 0.0625 0.021484375
18 0.2998046875 0.634765625 0.037109375 0.03515625
18 0.5283203125 0.416015625 0.037109375 0.03125
3 0.63671875 0.3271484375 0.03515625 0.033203125
3 0.5283203125 0.3271484375 0.037109375 0.029296875
3 0.4677734375 0.376953125 0.033203125 0.02734375
3 0.4697265625 0.458984375 0.029296875 0.0390625
3 0.419921875 0.3759765625 0.0390625 0.029296875
3 0.4208984375 0.4599609375 0.033203125 0.029296875
