0 0.056640625 0.3984375 0.01953125 0.0390625
0 0.1611328125 0.4072265625 0.021484375 0.037109375
0 0.1611328125 0.4833984375 0.017578125 0.037109375
0 0.529296875 0.4765625 0.04296875 0.01953125
0 0.646484375 0.4755859375 0.0390625 0.017578125
0 0.7548828125 0.4755859375 0.044921875 0.017578125
9 0.1064453125 0.498046875 0.029296875 0.03125
9 0.4482421875 0.4775390625 0.029296875 0.029296875
5 0.1630859375 0.638671875 0.033203125 0.01953125
5 0.2197265625 0.640625 0.029296875 0.015625
5 0.5849609375 0.541015625 0.029296875 0.01953125
5 0.7060546875 0.5400390625 0.025390625 0.017578125
5 0.802734375 0.5400390625 0.02734375 0.017578125
6 0.1650390625 0.6943359375 0.037109375 0.021484375
8 0.064453125 0.59765625 0.05078125 0.0390625
