0 0.1669921875 0.361328125 0.029296875 0.0546875
0 0.16796875 0.5537109375 0.02734375 0.056640625
0 0.27734375 0.576171875 0.03125 0.0546875
0 0.6005859375 0.3642578125 0.029296875 0.052734375
0 0.7197265625 0.3466796875 0.033203125 0.056640625
0 0.5986328125 0.568359375 0.033203125 0.05078125
0 0.71875 0.5771484375 0.03125 0.052734375
5 0.0771484375 0.556640625 0.056640625 0.0390625
5 0.375 0.5751953125 0.05078125 0.033203125
5 0.3759765625 0.4638671875 0.041015625 0.037109375
5 0.80859375 0.486328125 0.05078125 0.03515625
5 0.8115234375 0.5927734375 0.048828125 0.033203125
10 0.2529296875 0.474609375 0.064453125 0.06640625
11 0.2705078125 0.3623046875 0.033203125 0.087890625
10 0.6953125 0.4931640625 0.0625 0.064453125
5 0.515625 0.548828125 0.05078125 0.0390625
