5 0.2041015625 0.39453125 0.033203125 0.04296875
5 0.59765625 0.4208984375 0.0390625 0.037109375
5 0.6591796875 0.515625 0.048828125 0.03125
5 0.7900390625 0.5087890625 0.041015625 0.033203125
5 0.7939453125 0.6123046875 0.041015625 0.029296875
5 0.7919921875 0.326171875 0.044921875 0.03125
5 0.849609375 0.4521484375 0.03125 0.041015625
14 0.927734375 0.294921875 0.0703125 0.046875
11 0.7197265625 0.3232421875 0.025390625 0.076171875
0 0.5419921875 0.4208984375 0.052734375 0.029296875
0 0.658203125 0.3212890625 0.03125 0.048828125
0 0.7275390625 0.607421875 0.029296875 0.05078125
10 0.7099609375 0.423828125 0.044921875 0.0625
