5 0.0205078125 0.5751953125 0.041015625 0.025390625
5 0.3115234375 0.5615234375 0.041015625 0.025390625
11 0.0947265625 0.494140625 0.095703125 0.02734375
5 0.2646484375 0.529296875 0.041015625 0.0234375
9 0.376953125 0.62890625 0.05078125 0.04296875
18 0.451171875 0.8115234375 0.046875 0.048828125
18 0.8818359375 0.6455078125 0.048828125 0.044921875
19 0.958984375 0.759765625 0.0703125 0.109375
18 0.7451171875 0.197265625 0.048828125 0.046875
0 0.2626953125 0.1416015625 0.029296875 0.060546875
0 0.439453125 0.357421875 0.03125 0.0625
0 0.19140625 0.4404296875 0.06640625 0.029296875
0 0.4462890625 0.6328125 0.064453125 0.02734375
0 0.5380859375 0.583984375 0.056640625 0.02734375
0 0.654296875 0.4345703125 0.02734375 0.060546875
0 0.7080078125 0.5498046875 0.064453125 0.025390625
0 0.771484375 0.6005859375 0.02734375 0.060546875
0 0.7705078125 0.6923828125 0.029296875 0.064453125
0 0.6533203125 0.8251953125 0.033203125 0.064453125
0 0.501953125 0.8203125 0.02734375 0.05859375
6 0.234375 0.8818359375 0.02734375 0.044921875
6 0.2041015625 0.5859375 0.048828125 0.0234375
6 0.0185546875 0.6318359375 0.037109375 0.033203125
6 0.3408203125 0.44140625 0.044921875 0.0234375
6 0.8994140625 0.31640625 0.052734375 0.02734375
14 0.8994140625 0.232421875 0.044921875 0.05859375
7 0.19921875 0.49609375 0.0546875 0.06640625
7 0.5830078125 0.6435546875 0.052734375 0.068359375
3 0.26171875 0.2109375 0.05078125 0.02734375
3 0.26171875 0.2685546875 0.0390625 0.029296875
3 0.263671875 0.3232421875 0.05078125 0.029296875
3 0.26171875 0.3759765625 0.046875 0.029296875
3 0.654296875 0.609375 0.04296875 0.02734375
3 0.65625 0.677734375 0.0390625 0.03515625
10 0.4248046875 0.2119140625 0.044921875 0.064453125
2 0.7548828125 0.767578125 0.044921875 0.0625
10 0.7587890625 0.4912109375 0.037109375 0.064453125
