14 0.04296875 0.6455078125 0.0390625 0.033203125
9 0.0966796875 0.6435546875 0.029296875 0.029296875
8 0.4853515625 0.3330078125 0.048828125 0.037109375
3 0.193359375 0.326171875 0.02734375 0.0234375
4 0.3759765625 0.326171875 0.060546875 0.0234375
4 0.2998046875 0.376953125 0.025390625 0.0625
4 0.2265625 0.4765625 0.0625 0.0234375
4 0.5029296875 0.5029296875 0.060546875 0.025390625
4 0.50390625 0.58984375 0.05859375 0.02734375
15 0.7734375 0.52734375 0.05078125 0.0546875
20 0.6220703125 0.490234375 0.041015625 0.046875
20 0.623046875 0.5791015625 0.04296875 0.044921875
