12 0.0625 0.5537109375 0.0390625 0.041015625
9 0.3486328125 0.5625 0.044921875 0.04296875
0 0.408203125 0.3935546875 0.03515625 0.044921875
0 0.4951171875 0.392578125 0.021484375 0.046875
0 0.5947265625 0.611328125 0.029296875 0.05078125
0 0.74609375 0.6064453125 0.02734375 0.048828125
0 0.830078125 0.603515625 0.0234375 0.05078125
5 0.7861328125 0.478515625 0.033203125 0.04296875
5 0.4580078125 0.4873046875 0.037109375 0.044921875
10 0.5693359375 0.494140625 0.056640625 0.09375
1 0.6875 0.4775390625 0.05078125 0.044921875
15 0.61328125 0.404296875 0.06640625 0.1015625
