0 0.2548828125 0.423828125 0.087890625 0.03515625
0 0.3349609375 0.3515625 0.033203125 0.0859375
0 0.333984375 0.6181640625 0.03125 0.080078125
3 0.3349609375 0.271484375 0.048828125 0.0390625
3 0.404296875 0.421875 0.046875 0.05859375
10 0.30859375 0.50390625 0.06640625 0.1015625
10 0.765625 0.619140625 0.0546875 0.12109375
8 0.869140625 0.4462890625 0.0703125 0.060546875
8 0.9384765625 0.4462890625 0.068359375 0.068359375
19 0.7900390625 0.443359375 0.072265625 0.07421875
14 0.8388671875 0.2626953125 0.064453125 0.083984375
0 0.521484375 0.5888671875 0.02734375 0.083984375
5 0.4404296875 0.6142578125 0.056640625 0.029296875
10 0.4833984375 0.4228515625 0.052734375 0.111328125
