0 0.0458984375 0.5322265625 0.025390625 0.056640625
0 0.044921875 0.6220703125 0.0234375 0.056640625
0 0.3369140625 0.4638671875 0.068359375 0.029296875
0 0.5390625 0.53125 0.0703125 0.0234375
0 0.6748046875 0.73046875 0.072265625 0.02734375
20 0.880859375 0.59765625 0.0390625 0.05859375
2 0.74609375 0.662109375 0.046875 0.07421875
9 0.455078125 0.6865234375 0.04296875 0.044921875
9 0.716796875 0.271484375 0.046875 0.0390625
9 0.806640625 0.2685546875 0.0390625 0.033203125
9 0.2021484375 0.26953125 0.044921875 0.0390625
9 0.33203125 0.265625 0.046875 0.04296875
5 0.6259765625 0.275390625 0.041015625 0.03125
5 0.4921875 0.654296875 0.04296875 0.03125
11 0.716796875 0.4404296875 0.10546875 0.021484375
3 0.8916015625 0.41015625 0.056640625 0.0390625
3 0.6171875 0.5986328125 0.04296875 0.048828125
6 0.896484375 0.7626953125 0.05859375 0.029296875
6 0.4951171875 0.71875 0.044921875 0.02734375
6 0.2041015625 0.6513671875 0.056640625 0.029296875
6 0.048828125 0.6953125 0.05859375 0.03125
6 0.2021484375 0.3408203125 0.060546875 0.029296875
6 0.3427734375 0.337890625 0.060546875 0.03125
6 0.62890625 0.3408203125 0.0625 0.029296875
6 0.7177734375 0.3408203125 0.060546875 0.033203125
6 0.80859375 0.33984375 0.0625 0.03125
