0 0.2421875 0.509765625 0.078125 0.03515625
0 0.2421875 0.5595703125 0.078125 0.037109375
0 0.244140625 0.6220703125 0.07421875 0.041015625
0 0.2431640625 0.66796875 0.076171875 0.0390625
5 0.2255859375 0.443359375 0.037109375 0.06640625
5 0.2275390625 0.736328125 0.033203125 0.0703125
18 0.39453125 0.4931640625 0.05859375 0.068359375
18 0.3955078125 0.6845703125 0.060546875 0.064453125
18 0.7978515625 0.4912109375 0.056640625 0.068359375
18 0.7958984375 0.6240234375 0.060546875 0.064453125
5 0.884765625 0.3828125 0.06640625 0.0390625
5 0.9052734375 0.6572265625 0.064453125 0.037109375
0 0.880859375 0.4580078125 0.04296875 0.076171875
0 0.8994140625 0.736328125 0.041015625 0.08203125
9 0.7119140625 0.39453125 0.052734375 0.0703125
0 0.740234375 0.3486328125 0.03515625 0.076171875
6 0.14453125 0.4453125 0.05078125 0.078125
6 0.1455078125 0.732421875 0.044921875 0.08203125
6 0.3330078125 0.7314453125 0.068359375 0.037109375
6 0.7099609375 0.7333984375 0.083984375 0.041015625
6 0.90234375 0.826171875 0.08203125 0.0390625
