0 0.0380859375 0.42578125 0.029296875 0.05859375
0 0.232421875 0.4248046875 0.03125 0.060546875
0 0.3310546875 0.3798828125 0.033203125 0.052734375
0 0.232421875 0.6494140625 0.0234375 0.052734375
0 0.341796875 0.6708984375 0.03125 0.052734375
0 0.634765625 0.6640625 0.03125 0.05078125
0 0.4921875 0.3837890625 0.03125 0.052734375
0 0.41015625 0.267578125 0.0546875 0.02734375
9 0.1240234375 0.3046875 0.044921875 0.04296875
9 0.1220703125 0.5107421875 0.048828125 0.044921875
9 0.4111328125 0.6689453125 0.041015625 0.037109375
5 0.44140625 0.552734375 0.03515625 0.03515625
5 0.6923828125 0.556640625 0.033203125 0.03125
5 0.5302734375 0.3837890625 0.033203125 0.029296875
11 0.744140625 0.3857421875 0.03125 0.064453125
6 0.7978515625 0.75 0.044921875 0.0234375
14 0.9287109375 0.55078125 0.041015625 0.0546875
10 0.6298828125 0.5537109375 0.033203125 0.060546875
10 0.3251953125 0.5869140625 0.037109375 0.056640625
