3 0.177734375 0.4296875 0.0234375 0.0234375
3 0.1796875 0.462890625 0.0234375 0.02734375
3 0.1787109375 0.4970703125 0.021484375 0.025390625
3 0.1806640625 0.5322265625 0.021484375 0.025390625
3 0.3837890625 0.416015625 0.025390625 0.0234375
3 0.439453125 0.5927734375 0.02734375 0.021484375
3 0.5625 0.5390625 0.02734375 0.01953125
3 0.7255859375 0.408203125 0.021484375 0.0234375
0 0.384765625 0.5703125 0.01171875 0.046875
0 0.4404296875 0.4130859375 0.013671875 0.041015625
0 0.53515625 0.486328125 0.0390625 0.01171875
0 0.8154296875 0.41015625 0.044921875 0.01171875
0 0.875 0.4814453125 0.015625 0.044921875
5 0.384765625 0.458984375 0.0234375 0.015625
5 0.4912109375 0.5087890625 0.013671875 0.025390625
18 0.5654296875 0.5888671875 0.029296875 0.025390625
18 0.751953125 0.47265625 0.02734375 0.02734375
15 0.6201171875 0.4814453125 0.029296875 0.060546875
10 0.3984375 0.5107421875 0.02734375 0.041015625
