0 0.2666015625 0.5048828125 0.056640625 0.021484375
0 0.44921875 0.4228515625 0.0234375 0.060546875
0 0.4501953125 0.625 0.021484375 0.05859375
0 0.6357421875 0.5048828125 0.056640625 0.021484375
0 0.693359375 0.6064453125 0.02734375 0.052734375
0 0.6943359375 0.7275390625 0.025390625 0.052734375
10 0.3154296875 0.4443359375 0.041015625 0.052734375
10 0.5185546875 0.708984375 0.041015625 0.05859375
10 0.6220703125 0.6708984375 0.048828125 0.056640625
2 0.3134765625 0.5673828125 0.037109375 0.056640625
2 0.51953125 0.3193359375 0.0390625 0.068359375
6 0.533203125 0.798828125 0.05859375 0.0234375
