9 0.220703125 0.513671875 0.0546875 0.05859375
0 0.3818359375 0.4521484375 0.021484375 0.072265625
0 0.3828125 0.6484375 0.03125 0.0625
0 0.599609375 0.490234375 0.03125 0.0703125
0 0.642578125 0.58203125 0.05078125 0.0234375
0 0.587890625 0.638671875 0.0703125 0.03125
0 0.54296875 0.7001953125 0.08203125 0.021484375
0 0.7109375 0.484375 0.0234375 0.05078125
0 0.857421875 0.3076171875 0.02734375 0.060546875
0 0.853515625 0.576171875 0.03125 0.05859375
14 0.8583984375 0.72265625 0.072265625 0.10546875
2 0.83203125 0.41796875 0.0859375 0.1171875
10 0.7041015625 0.5791015625 0.060546875 0.083984375
7 0.5146484375 0.578125 0.095703125 0.08203125
