9 0.046875 0.4033203125 0.0703125 0.056640625
9 0.0498046875 0.642578125 0.072265625 0.05859375
9 0.9013671875 0.4033203125 0.060546875 0.064453125
9 0.900390625 0.607421875 0.0625 0.0625
5 0.138671875 0.4228515625 0.06640625 0.037109375
5 0.1396484375 0.634765625 0.060546875 0.03125
5 0.8056640625 0.3916015625 0.064453125 0.029296875
5 0.8056640625 0.6298828125 0.064453125 0.033203125
6 0.0107421875 0.525390625 0.021484375 0.078125
0 0.716796875 0.380859375 0.02734375 0.078125
0 0.716796875 0.646484375 0.03125 0.08203125
2 0.3876953125 0.587890625 0.115234375 0.078125
2 0.5087890625 0.7431640625 0.123046875 0.068359375
7 0.5380859375 0.46484375 0.138671875 0.125
