17 0.072265625 0.6025390625 0.02734375 0.056640625
9 0.2568359375 0.498046875 0.033203125 0.03125
9 0.3974609375 0.6396484375 0.037109375 0.029296875
9 0.71484375 0.646484375 0.03515625 0.03125
5 0.65234375 0.384765625 0.03125 0.0234375
5 0.802734375 0.38671875 0.03125 0.02734375
5 0.6533203125 0.51953125 0.033203125 0.0234375
5 0.5458984375 0.6220703125 0.033203125 0.029296875
5 0.1015625 0.54296875 0.0234375 0.03125
15 0.1005859375 0.447265625 0.052734375 0.08203125
15 0.501953125 0.443359375 0.046875 0.23046875
1 0.4013671875 0.4501953125 0.041015625 0.037109375
1 0.583984375 0.3505859375 0.04296875 0.029296875
1 0.599609375 0.486328125 0.046875 0.03125
11 0.7607421875 0.3486328125 0.080078125 0.021484375
0 0.7744140625 0.4833984375 0.025390625 0.052734375
0 0.8310546875 0.5302734375 0.029296875 0.056640625
0 0.4521484375 0.611328125 0.025390625 0.0546875
16 0.7705078125 0.5341796875 0.052734375 0.033203125
