0 0.1572265625 0.396484375 0.087890625 0.0390625
0 0.2412109375 0.4833984375 0.041015625 0.083984375
0 0.583984375 0.6083984375 0.0859375 0.044921875
0 0.373046875 0.6923828125 0.046875 0.083984375
0 0.8828125 0.6943359375 0.04296875 0.080078125
5 0.3720703125 0.4599609375 0.052734375 0.048828125
5 0.5625 0.693359375 0.046875 0.0546875
5 0.77734375 0.6083984375 0.0390625 0.052734375
5 0.7373046875 0.2666015625 0.041015625 0.060546875
0 0.798828125 0.353515625 0.0390625 0.08984375
7 0.5791015625 0.4384765625 0.181640625 0.181640625
19 0.896484375 0.5263671875 0.07421875 0.099609375
