0 0.1552734375 0.615234375 0.033203125 0.078125
0 0.3076171875 0.3056640625 0.033203125 0.083984375
0 0.2490234375 0.7119140625 0.033203125 0.072265625
0 0.5224609375 0.51953125 0.076171875 0.03125
0 0.4482421875 0.67578125 0.033203125 0.07421875
0 0.58203125 0.2705078125 0.03125 0.072265625
0 0.6640625 0.439453125 0.0390625 0.07421875
0 0.671875 0.728515625 0.04296875 0.07421875
0 0.76953125 0.28125 0.03515625 0.07421875
5 0.103515625 0.521484375 0.02734375 0.046875
9 0.4521484375 0.564453125 0.056640625 0.046875
2 0.220703125 0.5126953125 0.08203125 0.087890625
2 0.3837890625 0.521484375 0.080078125 0.09375
10 0.64453125 0.3251953125 0.06640625 0.083984375
10 0.7490234375 0.3759765625 0.064453125 0.076171875
10 0.75 0.6748046875 0.06640625 0.083984375
16 0.59375 0.3916015625 0.07421875 0.048828125
