3 0.1708984375 0.36328125 0.033203125 0.02734375
3 0.5791015625 0.4345703125 0.041015625 0.029296875
3 0.5771484375 0.611328125 0.041015625 0.03125
3 0.734375 0.646484375 0.0390625 0.03125
8 0.8291015625 0.5625 0.048828125 0.046875
0 0.2958984375 0.658203125 0.017578125 0.046875
0 0.34765625 0.3564453125 0.01953125 0.044921875
0 0.3310546875 0.62109375 0.044921875 0.015625
0 0.541015625 0.5498046875 0.046875 0.017578125
0 0.5791015625 0.3564453125 0.021484375 0.044921875
0 0.82421875 0.478515625 0.01953125 0.046875
18 0.2431640625 0.3701171875 0.044921875 0.029296875
18 0.630859375 0.634765625 0.0390625 0.03515625
18 0.7724609375 0.4599609375 0.037109375 0.029296875
5 0.490234375 0.349609375 0.0390625 0.0234375
5 0.48046875 0.55078125 0.0234375 0.0390625
15 0.685546875 0.48828125 0.05078125 0.1640625
10 0.3466796875 0.4638671875 0.060546875 0.041015625
10 0.4345703125 0.6240234375 0.041015625 0.060546875
