15 0.0927734375 0.47265625 0.037109375 0.07421875
0 0.3095703125 0.5888671875 0.017578125 0.052734375
0 0.251953125 0.40625 0.01953125 0.05078125
0 0.46875 0.4501953125 0.046875 0.017578125
0 0.4775390625 0.5634765625 0.025390625 0.041015625
0 0.5234375 0.380859375 0.0234375 0.046875
0 0.6103515625 0.3583984375 0.021484375 0.044921875
0 0.76953125 0.39453125 0.01953125 0.046875
0 0.7490234375 0.53515625 0.041015625 0.01953125
0 0.7265625 0.4375 0.04296875 0.01953125
0 0.9404296875 0.431640625 0.017578125 0.04296875
9 0.2041015625 0.5712890625 0.037109375 0.037109375
9 0.3447265625 0.5810546875 0.037109375 0.025390625
16 0.2373046875 0.5078125 0.056640625 0.03125
16 0.2958984375 0.380859375 0.052734375 0.04296875
5 0.6591796875 0.599609375 0.033203125 0.01953125
16 0.951171875 0.548828125 0.05859375 0.03515625
1 0.8740234375 0.5986328125 0.033203125 0.029296875
10 0.5146484375 0.44921875 0.029296875 0.0546875
10 0.6875 0.4736328125 0.02734375 0.048828125
2 0.810546875 0.4375 0.02734375 0.05078125
2 0.5244140625 0.326171875 0.048828125 0.03515625
