6 0.1298828125 0.46484375 0.044921875 0.01953125
6 0.2646484375 0.4638671875 0.044921875 0.021484375
6 0.3505859375 0.6337890625 0.037109375 0.025390625
6 0.46875 0.5673828125 0.046875 0.021484375
6 0.6064453125 0.634765625 0.044921875 0.01953125
6 0.744140625 0.447265625 0.04296875 0.0234375
9 0.1796875 0.3935546875 0.04296875 0.025390625
9 0.7431640625 0.392578125 0.041015625 0.02734375
5 0.2646484375 0.396484375 0.033203125 0.01953125
5 0.638671875 0.3974609375 0.03515625 0.021484375
0 0.5361328125 0.4921875 0.017578125 0.046875
0 0.3486328125 0.5771484375 0.021484375 0.044921875
0 0.53515625 0.5625 0.01953125 0.04296875
0 0.6025390625 0.5615234375 0.017578125 0.041015625
11 0.400390625 0.37109375 0.0859375 0.02734375
