0 0.32421875 0.44140625 0.09375 0.04296875
0 0.6572265625 0.330078125 0.103515625 0.046875
0 0.6591796875 0.548828125 0.099609375 0.04296875
0 0.7548828125 0.4052734375 0.041015625 0.107421875
0 0.7548828125 0.619140625 0.044921875 0.09765625
15 0.5244140625 0.513671875 0.115234375 0.390625
5 0.41796875 0.4443359375 0.03515625 0.041015625
6 0.2431640625 0.7451171875 0.076171875 0.037109375
6 0.755859375 0.7578125 0.08203125 0.02734375
20 0.8525390625 0.33203125 0.041015625 0.06640625
20 0.8515625 0.548828125 0.0390625 0.0703125
