20 0.0966796875 0.376953125 0.033203125 0.07421875
20 0.203125 0.3759765625 0.03515625 0.076171875
20 0.1025390625 0.58984375 0.033203125 0.08203125
20 0.2041015625 0.58984375 0.041015625 0.078125
15 0.3408203125 0.546875 0.080078125 0.2421875
1 0.4599609375 0.427734375 0.044921875 0.046875
1 0.4580078125 0.6591796875 0.044921875 0.041015625
11 0.6513671875 0.41796875 0.115234375 0.0390625
4 0.7822265625 0.4228515625 0.052734375 0.025390625
4 0.8466796875 0.44921875 0.025390625 0.04296875
4 0.9091796875 0.482421875 0.037109375 0.09375
