0 0.1298828125 0.521484375 0.041015625 0.08203125
0 0.2060546875 0.662109375 0.029296875 0.07421875
0 0.6318359375 0.4931640625 0.033203125 0.076171875
0 0.3505859375 0.728515625 0.103515625 0.03515625
0 0.619140625 0.7744140625 0.08203125 0.033203125
0 0.8857421875 0.677734375 0.029296875 0.08203125
0 0.5771484375 0.599609375 0.087890625 0.03515625
19 0.9091796875 0.5380859375 0.080078125 0.087890625
6 0.1298828125 0.7333984375 0.041015625 0.025390625
6 0.2080078125 0.7333984375 0.048828125 0.025390625
6 0.484375 0.359375 0.04296875 0.02734375
6 0.486328125 0.576171875 0.046875 0.02734375
6 0.88671875 0.7548828125 0.05078125 0.033203125
5 0.4345703125 0.7919921875 0.037109375 0.029296875
5 0.7822265625 0.73046875 0.037109375 0.02734375
1 0.6923828125 0.728515625 0.041015625 0.04296875
1 0.736328125 0.7265625 0.0390625 0.0390625
7 0.3330078125 0.3896484375 0.201171875 0.193359375
7 0.49609375 0.7265625 0.10546875 0.12109375
