0 0.1533203125 0.310546875 0.091796875 0.02734375
0 0.6328125 0.462890625 0.08984375 0.03125
0 0.2373046875 0.783203125 0.091796875 0.03515625
0 0.37109375 0.716796875 0.0859375 0.03515625
0 0.4765625 0.78515625 0.09375 0.03125
0 0.6123046875 0.783203125 0.080078125 0.03515625
0 0.8525390625 0.4453125 0.087890625 0.03125
19 0.9375 0.53125 0.09765625 0.11328125
5 0.21875 0.3779296875 0.05859375 0.033203125
5 0.61328125 0.2451171875 0.05859375 0.033203125
5 0.443359375 0.5791015625 0.03125 0.060546875
5 0.1318359375 0.7841796875 0.033203125 0.060546875
5 0.3544921875 0.7802734375 0.033203125 0.064453125
5 0.697265625 0.78515625 0.02734375 0.0625
9 0.560546875 0.509765625 0.0625 0.05078125
11 0.853515625 0.375 0.13671875 0.04296875
7 0.48828125 0.3779296875 0.25390625 0.205078125
