17 0.0859375 0.322265625 0.0625 0.03515625
17 0.9326171875 0.306640625 0.064453125 0.03125
15 0.154296875 0.376953125 0.06640625 0.1171875
1 0.2578125 0.306640625 0.046875 0.046875
1 0.33203125 0.3701171875 0.0546875 0.044921875
9 0.3876953125 0.53125 0.048828125 0.046875
9 0.8955078125 0.51953125 0.044921875 0.04296875
5 0.4521484375 0.5478515625 0.041015625 0.029296875
5 0.8291015625 0.52734375 0.037109375 0.02734375
0 0.564453125 0.361328125 0.0390625 0.08203125
0 0.564453125 0.5830078125 0.04296875 0.076171875
0 0.5654296875 0.73046875 0.037109375 0.078125
0 0.6826171875 0.576171875 0.041015625 0.078125
0 0.6826171875 0.4765625 0.037109375 0.0703125
10 0.654296875 0.328125 0.10546875 0.07421875
10 0.6533203125 0.6728515625 0.083984375 0.103515625
2 0.75390625 0.53125 0.0625 0.08984375
