0 0.109375 0.3525390625 0.078125 0.025390625
0 0.1123046875 0.5771484375 0.091796875 0.025390625
0 0.185546875 0.3994140625 0.02734375 0.072265625
0 0.1865234375 0.625 0.025390625 0.0703125
0 0.37109375 0.3896484375 0.07421875 0.029296875
0 0.37109375 0.6142578125 0.078125 0.025390625
5 0.1884765625 0.4755859375 0.041015625 0.029296875
5 0.18359375 0.6982421875 0.046875 0.025390625
5 0.4365234375 0.5302734375 0.041015625 0.025390625
5 0.7099609375 0.416015625 0.041015625 0.0234375
5 0.7099609375 0.4931640625 0.041015625 0.021484375
9 0.5078125 0.3896484375 0.0390625 0.044921875
9 0.5078125 0.6142578125 0.0390625 0.041015625
9 0.76953125 0.390625 0.0390625 0.04296875
9 0.771484375 0.541015625 0.05078125 0.04296875
9 0.806640625 0.259765625 0.05078125 0.04296875
6 0.1865234375 0.5478515625 0.044921875 0.021484375
6 0.2451171875 0.5478515625 0.044921875 0.025390625
6 0.1875 0.7724609375 0.046875 0.021484375
6 0.2451171875 0.7724609375 0.048828125 0.025390625
6 0.3193359375 0.4365234375 0.044921875 0.029296875
6 0.3203125 0.66015625 0.046875 0.0234375
6 0.861328125 0.4931640625 0.046875 0.025390625
14 0.9365234375 0.2783203125 0.041015625 0.056640625
