0 0.318359375 0.314453125 0.05078125 0.0234375
0 0.376953125 0.359375 0.0234375 0.05078125
0 0.2890625 0.6171875 0.0234375 0.046875
0 0.341796875 0.6357421875 0.0234375 0.048828125
0 0.583984375 0.3876953125 0.04296875 0.025390625
0 0.5859375 0.4404296875 0.05078125 0.025390625
0 0.5068359375 0.6435546875 0.025390625 0.052734375
0 0.7958984375 0.427734375 0.025390625 0.05078125
0 0.798828125 0.61328125 0.0234375 0.046875
0 0.619140625 0.740234375 0.0234375 0.0546875
0 0.548828125 0.4794921875 0.046875 0.021484375
0 0.5498046875 0.533203125 0.052734375 0.0234375
0 0.6328125 0.486328125 0.0234375 0.05078125
5 0.255859375 0.6259765625 0.02734375 0.021484375
5 0.5712890625 0.587890625 0.021484375 0.03125
5 0.5419921875 0.4111328125 0.029296875 0.029296875
9 0.84375 0.4990234375 0.03125 0.037109375
5 0.73828125 0.5927734375 0.03125 0.029296875
1 0.6806640625 0.443359375 0.037109375 0.03125
2 0.427734375 0.2763671875 0.05859375 0.044921875
11 0.6318359375 0.259765625 0.068359375 0.015625
