4 0.40234375 0.2900390625 0.02734375 0.095703125
4 0.6201171875 0.2861328125 0.029296875 0.083984375
4 0.3759765625 0.6376953125 0.087890625 0.037109375
4 0.45703125 0.69140625 0.03515625 0.08203125
4 0.7294921875 0.693359375 0.033203125 0.0859375
4 0.6220703125 0.5029296875 0.029296875 0.083984375
10 0.326171875 0.5302734375 0.06640625 0.080078125
10 0.5859375 0.392578125 0.06640625 0.078125
5 0.2099609375 0.474609375 0.048828125 0.02734375
5 0.240234375 0.6376953125 0.0390625 0.044921875
9 0.5380859375 0.6865234375 0.048828125 0.041015625
5 0.67578125 0.638671875 0.0390625 0.04296875
3 0.2509765625 0.4462890625 0.052734375 0.044921875
3 0.3310546875 0.3916015625 0.048828125 0.048828125
3 0.6181640625 0.59765625 0.048828125 0.04296875
3 0.619140625 0.6787109375 0.046875 0.041015625
6 0.1552734375 0.787109375 0.064453125 0.01953125
6 0.7255859375 0.787109375 0.068359375 0.0234375
