0 0.078125 0.548828125 0.01953125 0.05078125
0 0.365234375 0.4736328125 0.01953125 0.041015625
0 0.5859375 0.4580078125 0.01953125 0.041015625
0 0.6572265625 0.466796875 0.017578125 0.0390625
0 0.880859375 0.4873046875 0.01953125 0.044921875
0 0.8798828125 0.4228515625 0.021484375 0.041015625
5 0.8828125 0.6240234375 0.0234375 0.017578125
5 0.654296875 0.62109375 0.02734375 0.02734375
5 0.33203125 0.5693359375 0.0390625 0.025390625
5 0.0810546875 0.615234375 0.025390625 0.015625
10 0.4267578125 0.5048828125 0.029296875 0.044921875
10 0.5986328125 0.5126953125 0.037109375 0.041015625
11 0.431640625 0.380859375 0.01953125 0.05078125
11 0.4931640625 0.3828125 0.021484375 0.05078125
1 0.9814453125 0.509765625 0.017578125 0.02734375
