0 0.291015625 0.416015625 0.04296875 0.0234375
0 0.2900390625 0.4443359375 0.044921875 0.021484375
0 0.1865234375 0.513671875 0.037109375 0.0390625
0 0.2734375 0.6767578125 0.0234375 0.037109375
0 0.2998046875 0.6787109375 0.029296875 0.037109375
0 0.654296875 0.4033203125 0.01953125 0.037109375
0 0.6533203125 0.599609375 0.025390625 0.0390625
0 0.7568359375 0.3984375 0.021484375 0.0390625
0 0.7802734375 0.3984375 0.021484375 0.046875
0 0.759765625 0.595703125 0.01953125 0.04296875
0 0.7822265625 0.5947265625 0.021484375 0.041015625
5 0.1513671875 0.4306640625 0.025390625 0.025390625
5 0.373046875 0.443359375 0.0234375 0.03125
5 0.77734375 0.3271484375 0.02734375 0.021484375
5 0.7783203125 0.5263671875 0.029296875 0.021484375
10 0.236328125 0.3994140625 0.046875 0.044921875
2 0.236328125 0.46484375 0.046875 0.05078125
11 0.3740234375 0.677734375 0.017578125 0.0625
15 0.4462890625 0.484375 0.056640625 0.3046875
15 0.888671875 0.46484375 0.04296875 0.07421875
3 0.3349609375 0.6396484375 0.025390625 0.033203125
3 0.80859375 0.3974609375 0.0234375 0.025390625
3 0.80859375 0.595703125 0.01953125 0.02734375
