0 0.099609375 0.359375 0.03515625 0.08203125
0 0.1728515625 0.541015625 0.099609375 0.02734375
0 0.50390625 0.32421875 0.03125 0.078125
0 0.599609375 0.6591796875 0.03515625 0.072265625
0 0.83203125 0.6533203125 0.07421875 0.029296875
5 0.1025390625 0.587890625 0.056640625 0.02734375
5 0.4111328125 0.4296875 0.056640625 0.03125
5 0.3505859375 0.767578125 0.060546875 0.03125
5 0.42578125 0.2626953125 0.03125 0.060546875
5 0.578125 0.259765625 0.0390625 0.05859375
18 0.52734375 0.669921875 0.0625 0.0546875
18 0.6064453125 0.76953125 0.064453125 0.05078125
1 0.6767578125 0.44140625 0.056640625 0.05859375
7 0.3642578125 0.5673828125 0.134765625 0.126953125
