15 0.1181640625 0.4912109375 0.056640625 0.111328125
13 0.2275390625 0.423828125 0.119140625 0.1171875
9 0.3330078125 0.5126953125 0.048828125 0.033203125
16 0.3974609375 0.46484375 0.060546875 0.0390625
0 0.384765625 0.5712890625 0.0234375 0.060546875
5 0.4326171875 0.40234375 0.025390625 0.04296875
5 0.4990234375 0.4033203125 0.021484375 0.041015625
5 0.75 0.57421875 0.04296875 0.0234375
5 0.9111328125 0.5986328125 0.044921875 0.021484375
5 0.923828125 0.4013671875 0.02734375 0.044921875
0 0.7509765625 0.3466796875 0.021484375 0.056640625
0 0.7490234375 0.427734375 0.021484375 0.05859375
19 0.9580078125 0.5458984375 0.033203125 0.048828125
