3 0.083984375 0.44140625 0.0234375 0.03515625
3 0.1748046875 0.4423828125 0.025390625 0.029296875
3 0.083984375 0.65234375 0.02734375 0.03125
3 0.1748046875 0.65234375 0.025390625 0.03125
3 0.65625 0.7626953125 0.02734375 0.037109375
0 0.3759765625 0.23828125 0.029296875 0.0546875
11 0.486328125 0.1611328125 0.078125 0.013671875
11 0.447265625 0.345703125 0.07421875 0.01953125
11 0.7578125 0.5703125 0.015625 0.0703125
11 0.60546875 0.4482421875 0.0703125 0.017578125
10 0.5263671875 0.45703125 0.044921875 0.0546875
0 0.705078125 0.4560546875 0.05859375 0.025390625
0 0.7626953125 0.484375 0.029296875 0.05078125
6 0.3271484375 0.8759765625 0.056640625 0.021484375
10 0.7490234375 0.34375 0.041015625 0.0546875
