17 0.0927734375 0.3720703125 0.064453125 0.021484375
15 0.1572265625 0.48046875 0.044921875 0.1875
13 0.2705078125 0.48046875 0.095703125 0.0859375
18 0.341796875 0.55859375 0.03515625 0.02734375
18 0.4853515625 0.4365234375 0.041015625 0.029296875
18 0.9443359375 0.5185546875 0.033203125 0.033203125
10 0.396484375 0.59375 0.0390625 0.07421875
2 0.763671875 0.46484375 0.0390625 0.06640625
5 0.5419921875 0.4453125 0.029296875 0.0234375
5 0.7255859375 0.5966796875 0.033203125 0.025390625
1 0.427734375 0.4873046875 0.03515625 0.029296875
0 0.484375 0.556640625 0.01953125 0.0546875
0 0.611328125 0.5966796875 0.01953125 0.048828125
0 0.6982421875 0.447265625 0.021484375 0.0546875
0 0.8701171875 0.419921875 0.021484375 0.05078125
1 0.7861328125 0.369140625 0.033203125 0.03515625
1 0.8369140625 0.3701171875 0.025390625 0.037109375
