5 0.0693359375 0.4873046875 0.025390625 0.025390625
5 0.408203125 0.2783203125 0.0234375 0.025390625
5 0.3564453125 0.4638671875 0.025390625 0.021484375
9 0.6943359375 0.5400390625 0.029296875 0.025390625
9 0.7451171875 0.5400390625 0.029296875 0.021484375
9 0.845703125 0.5400390625 0.03125 0.021484375
9 0.8974609375 0.541015625 0.021484375 0.0234375
0 0.2158203125 0.3759765625 0.029296875 0.013671875
0 0.251953125 0.4169921875 0.01953125 0.029296875
0 0.2177734375 0.5654296875 0.029296875 0.013671875
0 0.2529296875 0.6015625 0.021484375 0.03125
0 0.6416015625 0.3623046875 0.029296875 0.017578125
0 0.640625 0.646484375 0.03125 0.015625
0 0.8017578125 0.5986328125 0.044921875 0.017578125
1 0.21484375 0.3232421875 0.02734375 0.021484375
1 0.216796875 0.5166015625 0.02734375 0.021484375
11 0.427734375 0.4609375 0.06640625 0.015625
11 0.794921875 0.4912109375 0.06640625 0.017578125
20 0.296875 0.369140625 0.0234375 0.0390625
20 0.298828125 0.5576171875 0.0234375 0.041015625
20 0.6025390625 0.4111328125 0.037109375 0.021484375
20 0.6044921875 0.6083984375 0.037109375 0.025390625
15 0.509765625 0.5107421875 0.0390625 0.181640625
