0 0.1171875 0.4091796875 0.046875 0.021484375
0 0.162109375 0.53515625 0.0234375 0.04296875
0 0.3046875 0.4091796875 0.05078125 0.017578125
0 0.306640625 0.5146484375 0.01953125 0.044921875
0 0.408203125 0.3681640625 0.04296875 0.021484375
0 0.24609375 0.451171875 0.0546875 0.01953125
0 0.576171875 0.4287109375 0.05078125 0.021484375
0 0.599609375 0.51953125 0.01953125 0.04296875
0 0.685546875 0.599609375 0.046875 0.01953125
0 0.861328125 0.4521484375 0.046875 0.017578125
7 0.4306640625 0.431640625 0.087890625 0.09375
7 0.703125 0.4501953125 0.08984375 0.091796875
6 0.162109375 0.607421875 0.0546875 0.02734375
6 0.3076171875 0.5859375 0.052734375 0.02734375
6 0.6005859375 0.6474609375 0.060546875 0.025390625
