17 0.140625 0.380859375 0.0546875 0.0234375
17 0.138671875 0.498046875 0.0625 0.0234375
15 0.2333984375 0.4384765625 0.044921875 0.064453125
3 0.28125 0.3115234375 0.0390625 0.025390625
3 0.3271484375 0.3125 0.037109375 0.0234375
3 0.28125 0.5498046875 0.03515625 0.025390625
3 0.326171875 0.5498046875 0.0390625 0.025390625
3 0.5927734375 0.388671875 0.037109375 0.02734375
3 0.681640625 0.3896484375 0.03515625 0.029296875
3 0.9501953125 0.3583984375 0.037109375 0.025390625
14 0.4453125 0.6611328125 0.05078125 0.037109375
0 0.3701171875 0.328125 0.017578125 0.05078125
0 0.5537109375 0.365234375 0.056640625 0.01953125
0 0.63671875 0.4755859375 0.01953125 0.056640625
15 0.900390625 0.3505859375 0.03515625 0.064453125
5 0.798828125 0.53515625 0.03515625 0.01953125
