9 0.1435546875 0.58984375 0.025390625 0.0234375
9 0.2783203125 0.591796875 0.025390625 0.0234375
9 0.7802734375 0.5791015625 0.025390625 0.025390625
5 0.361328125 0.5966796875 0.0234375 0.017578125
11 0.203125 0.5419921875 0.0625 0.013671875
3 0.5283203125 0.57421875 0.033203125 0.0234375
4 0.5283203125 0.4599609375 0.017578125 0.044921875
4 0.59765625 0.390625 0.015625 0.04296875
4 0.5966796875 0.44921875 0.013671875 0.046875
4 0.8486328125 0.5859375 0.013671875 0.046875
5 0.6416015625 0.4375 0.025390625 0.01953125
11 0.7265625 0.4970703125 0.05859375 0.013671875
3 0.7421875 0.361328125 0.03125 0.02734375
