0 0.2041015625 0.552734375 0.048828125 0.08984375
0 0.5830078125 0.7080078125 0.044921875 0.091796875
0 0.4228515625 0.31640625 0.048828125 0.08984375
0 0.423828125 0.6474609375 0.04296875 0.091796875
0 0.583984375 0.314453125 0.0390625 0.09765625
0 0.5859375 0.58203125 0.04296875 0.08984375
0 0.8330078125 0.5537109375 0.041015625 0.087890625
9 0.7275390625 0.6904296875 0.072265625 0.068359375
9 0.7373046875 0.390625 0.072265625 0.07421875
10 0.5556640625 0.474609375 0.083984375 0.09375
9 0.341796875 0.47265625 0.08203125 0.078125
