13 0.1591796875 0.4560546875 0.080078125 0.080078125
9 0.283203125 0.478515625 0.03515625 0.02734375
9 0.833984375 0.3388671875 0.03515625 0.029296875
4 0.408203125 0.3974609375 0.02734375 0.052734375
4 0.40625 0.5068359375 0.01953125 0.052734375
4 0.5419921875 0.642578125 0.025390625 0.05078125
4 0.93359375 0.3408203125 0.0234375 0.052734375
11 0.677734375 0.34375 0.01953125 0.0703125
3 0.7587890625 0.392578125 0.029296875 0.02734375
5 0.4072265625 0.642578125 0.029296875 0.01953125
6 0.5771484375 0.71484375 0.041015625 0.01953125
