9 0.220703125 0.427734375 0.05859375 0.0546875
9 0.31640625 0.306640625 0.0703125 0.05859375
5 0.2294921875 0.4794921875 0.056640625 0.029296875
5 0.57421875 0.3173828125 0.06640625 0.041015625
5 0.3671875 0.6376953125 0.0234375 0.033203125
5 0.3681640625 0.7294921875 0.029296875 0.033203125
5 0.4794921875 0.7265625 0.025390625 0.0390625
0 0.2744140625 0.4814453125 0.029296875 0.080078125
0 0.4228515625 0.5712890625 0.048828125 0.021484375
0 0.4716796875 0.63671875 0.048828125 0.0234375
0 0.3349609375 0.685546875 0.021484375 0.04296875
0 0.5146484375 0.685546875 0.021484375 0.05078125
1 0.6787109375 0.3603515625 0.060546875 0.060546875
1 0.681640625 0.7421875 0.0625 0.0546875
19 0.791015625 0.619140625 0.0625 0.07421875
6 0.78515625 0.7490234375 0.07421875 0.041015625
6 0.6767578125 0.8310546875 0.068359375 0.037109375
6 0.4228515625 0.7939453125 0.076171875 0.041015625
6 0.2705078125 0.5771484375 0.068359375 0.037109375
6 0.576171875 0.3759765625 0.078125 0.037109375
6 0.314453125 0.3740234375 0.0703125 0.041015625
7 0.4892578125 0.4677734375 0.216796875 0.154296875
