14 0.044921875 0.490234375 0.08984375 0.15234375
0 0.185546875 0.4072265625 0.01953125 0.052734375
0 0.2587890625 0.40625 0.021484375 0.046875
0 0.42578125 0.3515625 0.0234375 0.046875
0 0.423828125 0.5166015625 0.0234375 0.044921875
0 0.7021484375 0.3330078125 0.021484375 0.048828125
0 0.830078125 0.3330078125 0.0234375 0.048828125
8 0.9521484375 0.4267578125 0.068359375 0.048828125
14 0.337890625 0.4892578125 0.08203125 0.150390625
10 0.2470703125 0.6123046875 0.037109375 0.056640625
10 0.693359375 0.46484375 0.03515625 0.05859375
3 0.787109375 0.4443359375 0.04296875 0.041015625
3 0.7880859375 0.5732421875 0.037109375 0.041015625
10 0.9306640625 0.5712890625 0.037109375 0.060546875
3 0.123046875 0.2626953125 0.03515625 0.044921875
3 0.5107421875 0.462890625 0.037109375 0.046875
3 0.6025390625 0.4619140625 0.033203125 0.044921875
