4 0.248046875 0.2890625 0.078125 0.0390625
4 0.3134765625 0.3349609375 0.033203125 0.072265625
4 0.5380859375 0.7080078125 0.083984375 0.033203125
4 0.759765625 0.3818359375 0.046875 0.068359375
4 0.939453125 0.4267578125 0.0390625 0.076171875
4 0.369140625 0.763671875 0.03125 0.06640625
6 0.111328125 0.4189453125 0.0625 0.041015625
6 0.3125 0.41796875 0.06640625 0.0390625
6 0.369140625 0.876953125 0.06640625 0.03515625
6 0.451171875 0.6455078125 0.0625 0.037109375
6 0.4697265625 0.46484375 0.068359375 0.03515625
6 0.634765625 0.4775390625 0.06640625 0.037109375
6 0.763671875 0.4990234375 0.06640625 0.037109375
6 0.9443359375 0.6103515625 0.068359375 0.033203125
6 0.578125 0.2470703125 0.07421875 0.037109375
4 0.57421875 0.4404296875 0.03125 0.072265625
9 0.5703125 0.18359375 0.0625 0.046875
9 0.4501953125 0.59765625 0.068359375 0.05078125
9 0.6318359375 0.431640625 0.060546875 0.046875
5 0.3662109375 0.822265625 0.056640625 0.03125
5 0.76171875 0.44140625 0.05859375 0.03125
7 0.5166015625 0.3291015625 0.154296875 0.154296875
