0 0.03125 0.3701171875 0.03515625 0.103515625
0 0.13671875 0.4970703125 0.1015625 0.025390625
0 0.326171875 0.3681640625 0.03125 0.099609375
0 0.4970703125 0.6611328125 0.033203125 0.103515625
5 0.4130859375 0.3671875 0.060546875 0.03125
5 0.61328125 0.337890625 0.05859375 0.03125
5 0.6875 0.583984375 0.0390625 0.0546875
5 0.73046875 0.337890625 0.0625 0.03125
5 0.787109375 0.4404296875 0.0390625 0.056640625
11 0.505859375 0.349609375 0.03125 0.140625
10 0.478515625 0.4970703125 0.0546875 0.080078125
14 0.9033203125 0.529296875 0.072265625 0.078125
