14 0.078125 0.478515625 0.03515625 0.03515625
0 0.220703125 0.408203125 0.02734375 0.05078125
0 0.2607421875 0.408203125 0.025390625 0.05078125
0 0.4482421875 0.4091796875 0.025390625 0.048828125
0 0.4853515625 0.408203125 0.025390625 0.046875
0 0.5673828125 0.4423828125 0.052734375 0.021484375
0 0.5673828125 0.5087890625 0.052734375 0.021484375
5 0.353515625 0.474609375 0.03125 0.03515625
5 0.353515625 0.5283203125 0.02734375 0.033203125
10 0.25 0.5615234375 0.02734375 0.033203125
10 0.45703125 0.5625 0.02734375 0.0390625
15 0.818359375 0.4677734375 0.03515625 0.099609375
