5 0.3447265625 0.619140625 0.052734375 0.03125
5 0.513671875 0.3056640625 0.05859375 0.037109375
5 0.7763671875 0.3388671875 0.052734375 0.029296875
5 0.775390625 0.6005859375 0.0625 0.029296875
5 0.5146484375 0.51171875 0.060546875 0.02734375
0 0.1513671875 0.4248046875 0.080078125 0.037109375
0 0.3447265625 0.3857421875 0.037109375 0.083984375
1 0.2119140625 0.3623046875 0.072265625 0.056640625
1 0.28515625 0.365234375 0.05859375 0.0625
1 0.2099609375 0.619140625 0.068359375 0.05859375
1 0.279296875 0.619140625 0.0625 0.05859375
11 0.5146484375 0.4091796875 0.025390625 0.083984375
11 0.5146484375 0.6318359375 0.021484375 0.087890625
10 0.6630859375 0.3408203125 0.048828125 0.076171875
10 0.66015625 0.548828125 0.05078125 0.0859375
15 0.8330078125 0.447265625 0.044921875 0.07421875
11 0.7275390625 0.4130859375 0.091796875 0.021484375
