9 0.0849609375 0.587890625 0.033203125 0.03515625
9 0.6083984375 0.30078125 0.029296875 0.02734375
9 0.3447265625 0.296875 0.037109375 0.03515625
9 0.4052734375 0.5869140625 0.037109375 0.033203125
9 0.775390625 0.6015625 0.03515625 0.0390625
9 0.861328125 0.4482421875 0.03515625 0.033203125
9 0.26171875 0.40234375 0.046875 0.03515625
4 0.1796875 0.296875 0.02734375 0.08203125
4 0.1767578125 0.6015625 0.029296875 0.078125
4 0.40625 0.67578125 0.03125 0.078125
4 0.578125 0.5546875 0.07421875 0.02734375
4 0.7763671875 0.509765625 0.029296875 0.078125
4 0.318359375 0.462890625 0.02734375 0.07421875
7 0.5068359375 0.4462890625 0.146484375 0.162109375
19 0.9609375 0.5302734375 0.05078125 0.083984375
