3 0.095703125 0.349609375 0.02734375 0.02734375
3 0.111328125 0.416015625 0.02734375 0.0234375
3 0.0966796875 0.5478515625 0.029296875 0.021484375
3 0.111328125 0.48046875 0.02734375 0.0234375
3 0.216796875 0.32421875 0.0234375 0.02734375
0 0.2998046875 0.3251953125 0.017578125 0.044921875
0 0.298828125 0.4375 0.01953125 0.04296875
0 0.365234375 0.4404296875 0.01953125 0.044921875
0 0.4306640625 0.4228515625 0.017578125 0.041015625
0 0.458984375 0.4951171875 0.046875 0.017578125
0 0.6123046875 0.4072265625 0.017578125 0.044921875
0 0.6103515625 0.5712890625 0.021484375 0.044921875
0 0.6923828125 0.3720703125 0.021484375 0.044921875
0 0.759765625 0.33984375 0.01953125 0.04296875
18 0.2158203125 0.46484375 0.041015625 0.03515625
18 0.6650390625 0.462890625 0.037109375 0.03515625
5 0.3349609375 0.544921875 0.025390625 0.03515625
10 0.4208984375 0.5458984375 0.029296875 0.044921875
10 0.53515625 0.5302734375 0.03125 0.048828125
10 0.6025390625 0.4931640625 0.029296875 0.052734375
10 0.75 0.4619140625 0.03125 0.060546875
6 0.2177734375 0.634765625 0.048828125 0.01953125
