0 0.0703125 0.4130859375 0.01953125 0.076171875
5 0.3955078125 0.4111328125 0.048828125 0.029296875
5 0.22265625 0.4833984375 0.03125 0.044921875
5 0.0693359375 0.701171875 0.041015625 0.03125
18 0.51953125 0.3154296875 0.046875 0.037109375
11 0.2978515625 0.4150390625 0.025390625 0.087890625
11 0.294921875 0.6943359375 0.02734375 0.080078125
10 0.275390625 0.5849609375 0.05078125 0.072265625
3 0.67578125 0.2783203125 0.04296875 0.044921875
3 0.6767578125 0.443359375 0.041015625 0.04296875
17 0.8408203125 0.298828125 0.087890625 0.0234375
15 0.7490234375 0.3583984375 0.056640625 0.169921875
