3 0.0302734375 0.3076171875 0.044921875 0.033203125
3 0.5634765625 0.3994140625 0.052734375 0.037109375
3 0.560546875 0.62890625 0.0546875 0.04296875
3 0.7685546875 0.6767578125 0.044921875 0.052734375
8 0.8916015625 0.5634765625 0.064453125 0.060546875
18 0.1240234375 0.314453125 0.052734375 0.0390625
18 0.6328125 0.6611328125 0.0546875 0.041015625
18 0.8193359375 0.431640625 0.044921875 0.0390625
5 0.4384765625 0.5517578125 0.029296875 0.048828125
5 0.44921875 0.2890625 0.05859375 0.0234375
0 0.1953125 0.6884765625 0.0234375 0.056640625
0 0.2666015625 0.2978515625 0.029296875 0.056640625
0 0.244140625 0.6435546875 0.06640625 0.025390625
0 0.5166015625 0.55078125 0.056640625 0.02734375
0 0.5654296875 0.298828125 0.021484375 0.0625
0 0.88671875 0.4580078125 0.0234375 0.060546875
15 0.701171875 0.478515625 0.06640625 0.19140625
10 0.2607421875 0.4365234375 0.080078125 0.056640625
10 0.3798828125 0.64453125 0.052734375 0.078125
