0 0.0888671875 0.3857421875 0.037109375 0.091796875
0 0.2373046875 0.369140625 0.041015625 0.0859375
0 0.3486328125 0.3701171875 0.037109375 0.087890625
0 0.4873046875 0.37109375 0.044921875 0.0859375
0 0.595703125 0.3720703125 0.03515625 0.091796875
0 0.7333984375 0.3720703125 0.037109375 0.095703125
9 0.091796875 0.6005859375 0.0703125 0.064453125
9 0.2880859375 0.4921875 0.048828125 0.0625
9 0.5341796875 0.49609375 0.056640625 0.06640625
10 0.142578125 0.498046875 0.07421875 0.09765625
10 0.404296875 0.5009765625 0.078125 0.091796875
10 0.64453125 0.494140625 0.0703125 0.09375
16 0.2529296875 0.5771484375 0.103515625 0.080078125
16 0.505859375 0.5810546875 0.109375 0.083984375
16 0.7529296875 0.580078125 0.103515625 0.0859375
14 0.87890625 0.361328125 0.09765625 0.09765625
