1 0.166015625 0.2626953125 0.03125 0.021484375
1 0.5283203125 0.2646484375 0.041015625 0.025390625
16 0.3291015625 0.181640625 0.041015625 0.03515625
16 0.6083984375 0.72265625 0.037109375 0.03515625
9 0.2158203125 0.3056640625 0.037109375 0.025390625
5 0.267578125 0.8359375 0.03125 0.01953125
0 0.2763671875 0.220703125 0.025390625 0.04296875
0 0.2783203125 0.5615234375 0.044921875 0.017578125
0 0.9521484375 0.568359375 0.017578125 0.046875
0 0.283203125 0.3056640625 0.01953125 0.037109375
0 0.3203125 0.3837890625 0.01953125 0.033203125
0 0.3212890625 0.4384765625 0.021484375 0.037109375
0 0.4130859375 0.3447265625 0.017578125 0.037109375
0 0.4091796875 0.4326171875 0.021484375 0.041015625
0 0.5703125 0.4638671875 0.04296875 0.017578125
0 0.4140625 0.59765625 0.0234375 0.0390625
0 0.7060546875 0.544921875 0.044921875 0.015625
0 0.20703125 0.7080078125 0.0390625 0.021484375
0 0.3466796875 0.6533203125 0.037109375 0.021484375
0 0.4091796875 0.78515625 0.037109375 0.015625
0 0.953125 0.7646484375 0.01953125 0.041015625
7 0.533203125 0.3603515625 0.05078125 0.052734375
7 0.5439453125 0.544921875 0.048828125 0.05078125
7 0.3701171875 0.724609375 0.048828125 0.05078125
7 0.841796875 0.7236328125 0.05078125 0.048828125
0 0.5380859375 0.72265625 0.041015625 0.01953125
0 0.666015625 0.591796875 0.015625 0.04296875
14 0.7294921875 0.2626953125 0.037109375 0.029296875
1 0.6640625 0.6513671875 0.02734375 0.025390625
