5 0.0986328125 0.4970703125 0.029296875 0.041015625
5 0.470703125 0.5771484375 0.01953125 0.044921875
5 0.880859375 0.6142578125 0.046875 0.025390625
0 0.1318359375 0.541015625 0.021484375 0.0390625
0 0.169921875 0.494140625 0.0390625 0.01953125
0 0.341796875 0.53125 0.0234375 0.03515625
0 0.3876953125 0.4951171875 0.037109375 0.017578125
0 0.25390625 0.2939453125 0.0234375 0.037109375
0 0.5205078125 0.2880859375 0.021484375 0.033203125
0 0.5205078125 0.349609375 0.021484375 0.0390625
0 0.7099609375 0.2939453125 0.021484375 0.041015625
0 0.7861328125 0.2880859375 0.025390625 0.029296875
0 0.822265625 0.2880859375 0.01953125 0.033203125
0 0.7119140625 0.533203125 0.017578125 0.0390625
0 0.634765625 0.5693359375 0.0234375 0.041015625
0 0.7841796875 0.7021484375 0.021484375 0.037109375
0 0.7880859375 0.5263671875 0.025390625 0.033203125
0 0.822265625 0.525390625 0.0234375 0.03515625
0 0.8798828125 0.5400390625 0.021484375 0.037109375
9 0.3408203125 0.5771484375 0.052734375 0.037109375
9 0.4287109375 0.3681640625 0.052734375 0.037109375
10 0.7021484375 0.3857421875 0.029296875 0.041015625
2 0.7783203125 0.33203125 0.029296875 0.04296875
2 0.8125 0.33203125 0.03125 0.04296875
10 0.6484375 0.66796875 0.03515625 0.05078125
10 0.703125 0.6240234375 0.02734375 0.044921875
2 0.7783203125 0.5693359375 0.029296875 0.041015625
2 0.8154296875 0.5693359375 0.025390625 0.041015625
