9 0.1298828125 0.6416015625 0.041015625 0.052734375
9 0.1962890625 0.4873046875 0.044921875 0.052734375
9 0.6494140625 0.6689453125 0.037109375 0.052734375
3 0.1328125 0.4443359375 0.05078125 0.041015625
6 0.130859375 0.759765625 0.0625 0.03515625
6 0.6513671875 0.78515625 0.056640625 0.03515625
6 0.1708984375 0.560546875 0.033203125 0.0546875
6 0.2509765625 0.5234375 0.052734375 0.03515625
6 0.232421875 0.4189453125 0.05078125 0.033203125
4 0.4013671875 0.58984375 0.076171875 0.0234375
4 0.5048828125 0.7060546875 0.025390625 0.091796875
4 0.5888671875 0.3544921875 0.072265625 0.025390625
4 0.6455078125 0.470703125 0.021484375 0.09765625
11 0.390625 0.2734375 0.09375 0.0234375
