9 0.185546875 0.568359375 0.06640625 0.05078125
0 0.23828125 0.6474609375 0.04296875 0.068359375
0 0.2373046875 0.482421875 0.029296875 0.06640625
0 0.3671875 0.2890625 0.04296875 0.0625
0 0.3623046875 0.6494140625 0.033203125 0.064453125
9 0.580078125 0.40625 0.05859375 0.0546875
0 0.6669921875 0.5556640625 0.033203125 0.068359375
10 0.4912109375 0.3251953125 0.048828125 0.087890625
2 0.486328125 0.505859375 0.0703125 0.08984375
1 0.3642578125 0.3671875 0.048828125 0.04296875
1 0.3642578125 0.453125 0.052734375 0.0390625
10 0.3486328125 0.568359375 0.052734375 0.0703125
