18 0.1962890625 0.4814453125 0.044921875 0.029296875
18 0.71484375 0.46875 0.0390625 0.02734375
4 0.2373046875 0.4091796875 0.017578125 0.056640625
4 0.345703125 0.5966796875 0.015625 0.056640625
4 0.4501953125 0.560546875 0.056640625 0.015625
5 0.5361328125 0.48828125 0.033203125 0.01953125
3 0.587890625 0.47265625 0.03515625 0.02734375
8 0.828125 0.5458984375 0.05078125 0.048828125
4 0.8203125 0.48046875 0.015625 0.0546875
6 0.1962890625 0.5712890625 0.037109375 0.021484375
6 0.3486328125 0.65234375 0.041015625 0.01953125
6 0.4931640625 0.5283203125 0.033203125 0.017578125
6 0.5380859375 0.529296875 0.033203125 0.01953125
6 0.5888671875 0.52734375 0.037109375 0.01953125
6 0.712890625 0.5283203125 0.0390625 0.021484375
6 0.82421875 0.59375 0.0390625 0.01953125
11 0.654296875 0.4267578125 0.0703125 0.013671875
