5 0.095703125 0.3642578125 0.03515625 0.025390625
5 0.150390625 0.3642578125 0.03515625 0.021484375
5 0.31640625 0.5595703125 0.03515625 0.021484375
5 0.4228515625 0.4384765625 0.025390625 0.033203125
5 0.8076171875 0.59765625 0.037109375 0.0234375
9 0.7294921875 0.5947265625 0.033203125 0.033203125
0 0.1455078125 0.4951171875 0.052734375 0.029296875
0 0.23046875 0.390625 0.02734375 0.0546875
0 0.46484375 0.3291015625 0.0546875 0.021484375
0 0.3828125 0.3994140625 0.0234375 0.052734375
0 0.1796875 0.5732421875 0.02734375 0.056640625
0 0.24609375 0.578125 0.01953125 0.05859375
0 0.3798828125 0.552734375 0.029296875 0.05078125
0 0.4599609375 0.5537109375 0.029296875 0.048828125
0 0.59375 0.43359375 0.0234375 0.0546875
0 0.556640625 0.5751953125 0.02734375 0.052734375
0 0.6640625 0.5771484375 0.03125 0.048828125
0 0.76953125 0.5986328125 0.0234375 0.048828125
15 0.90234375 0.4375 0.0390625 0.13671875
5 0.6044921875 0.5380859375 0.033203125 0.029296875
