4 0.1005859375 0.30078125 0.025390625 0.05859375
4 0.400390625 0.30078125 0.0234375 0.05078125
4 0.6298828125 0.30078125 0.029296875 0.05078125
4 0.3125 0.4580078125 0.05859375 0.029296875
4 0.7568359375 0.4580078125 0.056640625 0.029296875
10 0.1162109375 0.6708984375 0.041015625 0.056640625
10 0.3857421875 0.6689453125 0.037109375 0.060546875
10 0.390625 0.4541015625 0.03125 0.052734375
10 0.6455078125 0.4619140625 0.037109375 0.068359375
5 0.515625 0.3701171875 0.03125 0.033203125
6 0.240234375 0.5869140625 0.0390625 0.021484375
6 0.8603515625 0.5712890625 0.037109375 0.021484375
6 0.60546875 0.7978515625 0.05078125 0.025390625
