5 0.068359375 0.5732421875 0.03515625 0.037109375
5 0.1669921875 0.5732421875 0.029296875 0.033203125
5 0.1044921875 0.7666015625 0.029296875 0.037109375
5 0.2119140625 0.814453125 0.041015625 0.01953125
5 0.3115234375 0.71875 0.033203125 0.0234375
5 0.423828125 0.2919921875 0.04296875 0.021484375
4 0.2587890625 0.32421875 0.037109375 0.0859375
4 0.5146484375 0.177734375 0.037109375 0.07421875
4 0.515625 0.328125 0.0390625 0.0703125
4 0.1943359375 0.48828125 0.076171875 0.03125
4 0.2119140625 0.7158203125 0.041015625 0.064453125
4 0.3955078125 0.7138671875 0.033203125 0.076171875
4 0.4931640625 0.7158203125 0.033203125 0.072265625
5 0.638671875 0.66796875 0.046875 0.02734375
5 0.71875 0.572265625 0.03515625 0.03515625
4 0.775390625 0.8203125 0.03125 0.0703125
4 0.1083984375 0.861328125 0.068359375 0.0390625
