5 0.2001953125 0.0830078125 0.033203125 0.044921875
5 0.19921875 0.3349609375 0.0390625 0.056640625
5 0.0712890625 0.31640625 0.044921875 0.0390625
5 0.0732421875 0.53515625 0.044921875 0.03515625
5 0.4912109375 0.1201171875 0.029296875 0.048828125
5 0.4921875 0.48046875 0.046875 0.05078125
5 0.7958984375 0.1669921875 0.044921875 0.033203125
5 0.796875 0.42578125 0.046875 0.03515625
0 0.1435546875 0.2294921875 0.076171875 0.037109375
0 0.2890625 0.2275390625 0.06640625 0.041015625
0 0.14453125 0.4794921875 0.078125 0.033203125
0 0.2890625 0.482421875 0.0703125 0.03515625
0 0.7978515625 0.517578125 0.033203125 0.06640625
0 0.7958984375 0.2626953125 0.037109375 0.068359375
19 0.91796875 0.2275390625 0.0625 0.080078125
19 0.9111328125 0.4814453125 0.068359375 0.068359375
15 0.1455078125 0.8447265625 0.076171875 0.154296875
9 0.482421875 0.712890625 0.0625 0.04296875
9 0.474609375 0.8505859375 0.05078125 0.048828125
9 0.69140625 0.7119140625 0.0625 0.048828125
9 0.6904296875 0.853515625 0.060546875 0.04296875
5 0.798828125 0.716796875 0.0546875 0.03515625
5 0.80078125 0.861328125 0.04296875 0.03125
