11 0.150390625 0.599609375 0.0234375 0.1015625
11 0.55078125 0.361328125 0.09375 0.02734375
11 0.7314453125 0.4384765625 0.029296875 0.099609375
4 0.6025390625 0.5244140625 0.080078125 0.041015625
4 0.6767578125 0.443359375 0.033203125 0.07421875
7 0.4638671875 0.5205078125 0.115234375 0.134765625
11 0.3388671875 0.5205078125 0.103515625 0.025390625
6 0.0712890625 0.6240234375 0.037109375 0.021484375
6 0.1552734375 0.685546875 0.041015625 0.01953125
6 0.2685546875 0.6865234375 0.037109375 0.017578125
6 0.9140625 0.62109375 0.04296875 0.01953125
6 0.8994140625 0.3984375 0.041015625 0.01953125
