15 0.1474609375 0.4931640625 0.091796875 0.251953125
1 0.248046875 0.400390625 0.046875 0.0390625
1 0.3115234375 0.400390625 0.041015625 0.03515625
1 0.248046875 0.5810546875 0.0390625 0.041015625
1 0.3115234375 0.58203125 0.037109375 0.0390625
0 0.3896484375 0.3974609375 0.029296875 0.048828125
0 0.6103515625 0.3017578125 0.052734375 0.025390625
0 0.79296875 0.4150390625 0.0234375 0.056640625
0 0.71875 0.4716796875 0.01953125 0.048828125
0 0.79296875 0.6494140625 0.02734375 0.044921875
10 0.4990234375 0.3125 0.037109375 0.02734375
10 0.4697265625 0.4296875 0.037109375 0.02734375
10 0.66015625 0.400390625 0.03125 0.0390625
10 0.677734375 0.5634765625 0.02734375 0.041015625
