9 0.08984375 0.5791015625 0.046875 0.041015625
9 0.3427734375 0.345703125 0.048828125 0.03515625
9 0.5166015625 0.4365234375 0.048828125 0.041015625
9 0.517578125 0.5009765625 0.046875 0.048828125
5 0.3486328125 0.5048828125 0.037109375 0.041015625
2 0.591796875 0.5068359375 0.04296875 0.060546875
2 0.6474609375 0.435546875 0.041015625 0.0625
19 0.4326171875 0.5927734375 0.041015625 0.060546875
16 0.498046875 0.6025390625 0.05859375 0.064453125
16 0.55859375 0.603515625 0.05859375 0.06640625
16 0.619140625 0.603515625 0.0546875 0.06640625
16 0.6728515625 0.6044921875 0.060546875 0.060546875
16 0.7353515625 0.603515625 0.060546875 0.06640625
16 0.798828125 0.6005859375 0.05859375 0.068359375
0 0.859375 0.3681640625 0.02734375 0.044921875
14 0.8623046875 0.53125 0.044921875 0.04296875
10 0.244140625 0.4619140625 0.05078125 0.060546875
10 0.4072265625 0.3935546875 0.048828125 0.068359375
