11 0.408203125 0.1748046875 0.078125 0.025390625
11 0.4794921875 0.408203125 0.060546875 0.0234375
11 0.52734375 0.482421875 0.03125 0.0625
11 0.5302734375 0.7294921875 0.033203125 0.076171875
0 0.34765625 0.41015625 0.0703125 0.03125
0 0.3798828125 0.65625 0.064453125 0.0234375
0 0.7431640625 0.412109375 0.068359375 0.03515625
5 0.515625 0.26953125 0.05859375 0.0390625
5 0.4130859375 0.4091796875 0.029296875 0.041015625
5 0.4541015625 0.6552734375 0.037109375 0.041015625
5 0.62109375 0.474609375 0.046875 0.03125
19 0.873046875 0.27734375 0.0625 0.07421875
19 0.876953125 0.482421875 0.046875 0.078125
19 0.873046875 0.736328125 0.05859375 0.07421875
5 0.7431640625 0.48828125 0.044921875 0.046875
