5 0.1884765625 0.341796875 0.037109375 0.03515625
0 0.1884765625 0.396484375 0.072265625 0.02734375
0 0.587890625 0.603515625 0.03125 0.0703125
1 0.3671875 0.33984375 0.0546875 0.05078125
1 0.37109375 0.44921875 0.046875 0.05078125
1 0.3701171875 0.55859375 0.048828125 0.05078125
1 0.37109375 0.6708984375 0.0546875 0.048828125
9 0.4638671875 0.4990234375 0.048828125 0.037109375
16 0.8076171875 0.451171875 0.095703125 0.06640625
16 0.80859375 0.5625 0.0859375 0.0625
16 0.9443359375 0.4501953125 0.087890625 0.060546875
16 0.9443359375 0.560546875 0.087890625 0.05859375
