14 0.12109375 0.55859375 0.046875 0.05078125
18 0.216796875 0.498046875 0.05078125 0.0390625
0 0.32421875 0.41015625 0.03515625 0.05859375
0 0.466796875 0.4130859375 0.03515625 0.060546875
0 0.55078125 0.4130859375 0.03515625 0.060546875
5 0.41796875 0.5556640625 0.03515625 0.041015625
10 0.54296875 0.5576171875 0.0390625 0.068359375
10 0.736328125 0.484375 0.04296875 0.0625
8 0.642578125 0.3525390625 0.05078125 0.029296875
8 0.6923828125 0.3525390625 0.041015625 0.037109375
8 0.740234375 0.3525390625 0.04296875 0.037109375
8 0.791015625 0.353515625 0.04296875 0.03515625
8 0.837890625 0.353515625 0.046875 0.03515625
8 0.888671875 0.3515625 0.046875 0.03125
