0 0.12890625 0.337890625 0.078125 0.0234375
0 0.2255859375 0.4599609375 0.029296875 0.064453125
0 0.404296875 0.4619140625 0.03125 0.068359375
0 0.55859375 0.4619140625 0.03125 0.060546875
0 0.7392578125 0.4609375 0.029296875 0.0625
0 0.7919921875 0.3388671875 0.072265625 0.029296875
8 0.083984375 0.458984375 0.09375 0.0703125
8 0.87890625 0.484375 0.08984375 0.06640625
9 0.3388671875 0.5341796875 0.048828125 0.048828125
9 0.6572265625 0.533203125 0.048828125 0.05078125
10 0.240234375 0.6279296875 0.05078125 0.068359375
10 0.7216796875 0.6337890625 0.048828125 0.068359375
6 0.4873046875 0.7841796875 0.068359375 0.037109375
