4 0.326171875 0.2763671875 0.078125 0.033203125
4 0.24609375 0.2744140625 0.0703125 0.037109375
4 0.3212890625 0.6689453125 0.033203125 0.060546875
4 0.5595703125 0.53125 0.037109375 0.0625
4 0.5576171875 0.6015625 0.037109375 0.06640625
4 0.4296875 0.4111328125 0.03515625 0.072265625
4 0.24609375 0.6337890625 0.0703125 0.033203125
4 0.173828125 0.5986328125 0.03515625 0.064453125
4 0.17578125 0.6650390625 0.03515625 0.060546875
1 0.427734375 0.5 0.03125 0.03125
10 0.5380859375 0.447265625 0.072265625 0.08984375
4 0.6650390625 0.6015625 0.037109375 0.0625
2 0.5341796875 0.677734375 0.072265625 0.0859375
7 0.3603515625 0.62109375 0.060546875 0.06640625
