1 0.0712890625 0.4931640625 0.037109375 0.041015625
1 0.2890625 0.5546875 0.04296875 0.03515625
0 0.1796875 0.6416015625 0.0234375 0.052734375
0 0.3984375 0.369140625 0.02734375 0.046875
0 0.3994140625 0.47265625 0.025390625 0.046875
0 0.681640625 0.37109375 0.0234375 0.05859375
0 0.6806640625 0.59765625 0.052734375 0.01953125
10 0.384765625 0.552734375 0.04296875 0.06640625
10 0.5478515625 0.5439453125 0.033203125 0.052734375
10 0.8203125 0.4833984375 0.046875 0.068359375
19 0.849609375 0.3955078125 0.0625 0.095703125
9 0.3427734375 0.64453125 0.041015625 0.04296875
