0 0.1611328125 0.4892578125 0.037109375 0.056640625
0 0.515625 0.39453125 0.0390625 0.05859375
0 0.515625 0.5615234375 0.03515625 0.060546875
11 0.2861328125 0.546875 0.033203125 0.10546875
11 0.287109375 0.6494140625 0.03515625 0.099609375
11 0.3427734375 0.595703125 0.029296875 0.19921875
11 0.8271484375 0.521484375 0.048828125 0.12109375
11 0.892578125 0.4912109375 0.03125 0.232421875
10 0.2509765625 0.3935546875 0.076171875 0.111328125
1 0.4013671875 0.3173828125 0.056640625 0.064453125
1 0.5830078125 0.48046875 0.056640625 0.06640625
5 0.7724609375 0.3173828125 0.044921875 0.064453125
9 0.4287109375 0.5908203125 0.064453125 0.068359375
