5 0.1875 0.3798828125 0.0234375 0.052734375
9 0.3076171875 0.578125 0.037109375 0.0390625
9 0.5244140625 0.4267578125 0.041015625 0.048828125
9 0.671875 0.42578125 0.03125 0.046875
0 0.1962890625 0.4755859375 0.041015625 0.029296875
0 0.4716796875 0.505859375 0.041015625 0.03515625
0 0.677734375 0.603515625 0.0234375 0.06640625
0 0.728515625 0.5419921875 0.05078125 0.029296875
0 0.8818359375 0.6318359375 0.052734375 0.033203125
1 0.2578125 0.3779296875 0.03125 0.041015625
2 0.833984375 0.53515625 0.04296875 0.0859375
