1 0.068359375 0.4921875 0.0390625 0.04296875
1 0.2880859375 0.5546875 0.044921875 0.0390625
19 0.8447265625 0.3935546875 0.068359375 0.107421875
0 0.1787109375 0.6435546875 0.025390625 0.048828125
0 0.3994140625 0.3720703125 0.025390625 0.052734375
0 0.3994140625 0.4736328125 0.025390625 0.052734375
0 0.681640625 0.3662109375 0.02734375 0.056640625
0 0.6796875 0.5986328125 0.05078125 0.021484375
10 0.38671875 0.5537109375 0.0390625 0.060546875
10 0.548828125 0.5458984375 0.03515625 0.048828125
10 0.8203125 0.48828125 0.04296875 0.05859375
9 0.345703125 0.6474609375 0.0390625 0.041015625
