0 0.1728515625 0.6171875 0.037109375 0.0703125
0 0.458984375 0.5068359375 0.0703125 0.029296875
0 0.66015625 0.48046875 0.03515625 0.05859375
1 0.27734375 0.6376953125 0.046875 0.044921875
5 0.3935546875 0.5791015625 0.044921875 0.029296875
5 0.5205078125 0.564453125 0.048828125 0.02734375
10 0.576171875 0.509765625 0.046875 0.05078125
10 0.9296875 0.4912109375 0.0390625 0.060546875
10 0.822265625 0.642578125 0.0390625 0.05078125
19 0.9541015625 0.3916015625 0.068359375 0.087890625
11 0.1708984375 0.5107421875 0.025390625 0.068359375
