0 0.0751953125 0.46875 0.052734375 0.03515625
0 0.466796875 0.638671875 0.0625 0.03125
0 0.4609375 0.4716796875 0.0625 0.033203125
5 0.0205078125 0.5322265625 0.041015625 0.041015625
5 0.375 0.396484375 0.046875 0.03515625
5 0.7294921875 0.6123046875 0.048828125 0.037109375
5 0.96484375 0.494140625 0.05078125 0.0390625
15 0.7373046875 0.4970703125 0.068359375 0.103515625
9 0.3212890625 0.3916015625 0.052734375 0.041015625
9 0.6650390625 0.611328125 0.060546875 0.046875
5 0.83203125 0.57421875 0.046875 0.05859375
11 0.8330078125 0.408203125 0.095703125 0.02734375
20 0.556640625 0.443359375 0.0546875 0.08203125
20 0.55859375 0.615234375 0.05078125 0.08203125
3 0.5283203125 0.3564453125 0.048828125 0.044921875
3 0.607421875 0.3564453125 0.05078125 0.044921875
