10 0.1201171875 0.2099609375 0.044921875 0.060546875
10 0.11328125 0.6748046875 0.046875 0.060546875
10 0.875 0.279296875 0.0390625 0.0625
10 0.60546875 0.669921875 0.04296875 0.0625
9 0.1767578125 0.287109375 0.052734375 0.04296875
9 0.1806640625 0.73828125 0.044921875 0.0390625
9 0.6103515625 0.2080078125 0.041015625 0.041015625
9 0.8095703125 0.3642578125 0.044921875 0.044921875
9 0.34765625 0.7705078125 0.0390625 0.044921875
19 0.2294921875 0.3544921875 0.052734375 0.072265625
19 0.3544921875 0.8271484375 0.056640625 0.068359375
19 0.42578125 0.8076171875 0.05078125 0.076171875
19 0.71875 0.798828125 0.05859375 0.07421875
9 0.6640625 0.736328125 0.04296875 0.04296875
0 0.2900390625 0.28515625 0.060546875 0.0234375
0 0.2392578125 0.7841796875 0.025390625 0.048828125
0 0.779296875 0.7353515625 0.0546875 0.025390625
0 0.708984375 0.1181640625 0.0546875 0.025390625
10 0.1142578125 0.3671875 0.044921875 0.05859375
10 0.1142578125 0.8056640625 0.041015625 0.056640625
16 0.2578125 0.8515625 0.07421875 0.05078125
16 0.8564453125 0.794921875 0.060546875 0.06640625
16 0.919921875 0.7998046875 0.07421875 0.056640625
10 0.6025390625 0.810546875 0.044921875 0.05859375
9 0.416015625 0.34375 0.04296875 0.046875
12 0.369140625 0.1416015625 0.046875 0.048828125
12 0.884765625 0.138671875 0.046875 0.05078125
0 0.369140625 0.2021484375 0.02734375 0.048828125
0 0.8876953125 0.2099609375 0.033203125 0.052734375
19 0.6728515625 0.27734375 0.064453125 0.06640625
19 0.671875 0.376953125 0.06640625 0.0703125
2 0.359375 0.283203125 0.04296875 0.05078125
