1 0.1083984375 0.373046875 0.033203125 0.03125
1 0.3291015625 0.435546875 0.025390625 0.03125
1 0.40625 0.6474609375 0.03125 0.029296875
5 0.140625 0.46484375 0.03515625 0.01953125
5 0.55078125 0.5205078125 0.0390625 0.017578125
5 0.7470703125 0.5439453125 0.041015625 0.021484375
5 0.8583984375 0.5126953125 0.033203125 0.017578125
0 0.1865234375 0.3994140625 0.021484375 0.044921875
0 0.234375 0.4609375 0.01953125 0.04296875
0 0.513671875 0.6474609375 0.0546875 0.021484375
0 0.4580078125 0.5888671875 0.044921875 0.017578125
0 0.4580078125 0.4638671875 0.048828125 0.017578125
0 0.4599609375 0.546875 0.044921875 0.0234375
0 0.517578125 0.4013671875 0.01953125 0.044921875
0 0.69140625 0.37109375 0.046875 0.01953125
0 0.8603515625 0.41015625 0.017578125 0.046875
0 0.89453125 0.4091796875 0.015625 0.044921875
0 0.8935546875 0.5390625 0.017578125 0.04296875
0 0.8095703125 0.5380859375 0.017578125 0.044921875
0 0.7080078125 0.548828125 0.021484375 0.0390625
10 0.2451171875 0.513671875 0.029296875 0.04296875
0 0.2822265625 0.5546875 0.021484375 0.046875
16 0.6494140625 0.5625 0.056640625 0.03125
