1 0.1845703125 0.2841796875 0.025390625 0.021484375
1 0.2197265625 0.279296875 0.025390625 0.02734375
1 0.568359375 0.1962890625 0.03125 0.029296875
0 0.2783203125 0.2314453125 0.021484375 0.033203125
0 0.3974609375 0.2001953125 0.037109375 0.021484375
0 0.396484375 0.3623046875 0.01953125 0.033203125
0 0.216796875 0.4951171875 0.01953125 0.029296875
0 0.2763671875 0.4921875 0.017578125 0.03125
0 0.373046875 0.4873046875 0.015625 0.033203125
0 0.412109375 0.4873046875 0.01953125 0.033203125
0 0.474609375 0.48828125 0.01953125 0.03125
0 0.5078125 0.48828125 0.01953125 0.03515625
0 0.603515625 0.4931640625 0.01953125 0.033203125
0 0.6611328125 0.4951171875 0.017578125 0.033203125
0 0.3349609375 0.5439453125 0.041015625 0.021484375
0 0.5478515625 0.544921875 0.041015625 0.015625
10 0.130859375 0.69921875 0.03125 0.0625
10 0.2548828125 0.69921875 0.033203125 0.05078125
10 0.625 0.703125 0.03125 0.0546875
10 0.7509765625 0.69921875 0.033203125 0.0546875
10 0.2333984375 0.59375 0.041015625 0.046875
10 0.2880859375 0.5439453125 0.033203125 0.048828125
10 0.3896484375 0.5849609375 0.037109375 0.048828125
10 0.4970703125 0.5849609375 0.033203125 0.048828125
10 0.6494140625 0.591796875 0.033203125 0.046875
10 0.4306640625 0.408203125 0.029296875 0.05078125
11 0.181640625 0.8095703125 0.06640625 0.017578125
11 0.3720703125 0.8076171875 0.115234375 0.017578125
11 0.50390625 0.8095703125 0.13671875 0.017578125
11 0.7001953125 0.8095703125 0.064453125 0.021484375
5 0.390625 0.5234375 0.0234375 0.0234375
5 0.4921875 0.5224609375 0.01953125 0.025390625
5 0.353515625 0.396484375 0.0234375 0.015625
0 0.2578125 0.3544921875 0.03515625 0.017578125
