0 0.16015625 0.287109375 0.02734375 0.0625
0 0.1611328125 0.5146484375 0.029296875 0.060546875
0 0.42578125 0.5810546875 0.0546875 0.025390625
0 0.2548828125 0.587890625 0.025390625 0.05859375
0 0.5078125 0.380859375 0.02734375 0.0546875
5 0.3935546875 0.2265625 0.037109375 0.078125
5 0.6044921875 0.2880859375 0.037109375 0.083984375
10 0.63671875 0.748046875 0.08203125 0.1796875
0 0.5126953125 0.673828125 0.029296875 0.0625
0 0.267578125 0.22265625 0.0546875 0.0234375
10 0.2900390625 0.4267578125 0.091796875 0.130859375
